Kp_cv(1,:)=1.35383;
RKp_cv(1,:)=0.0145643;
Rot_cv(1,:,:)=[0.999983,0.00293545,-0.00511571;-0.00290131,0.999974,0.00666985;0.00513516,-0.00665489,0.999965];
Vel_cv(1,:)=[0.0151412,-0.0654075,-0.119392];
t_cv(1,:)=0.0358448;
dt_cv(1,:)=0.031914;
i_cv(1,:)=1;
Pose_cv(1,:,:)=[0.999983,0.00293545,-0.00511571;-0.00290131,0.999974,0.00666985;0.00513516,-0.00665489,0.999965];
Pos_cv(1,:)=[0.000366791,-0.00156162,-0.00280223];
K_cv(1,:)=1;
KLN_cv(1,:)=16156;
Kp_cv(2,:)=1.15868;
RKp_cv(2,:)=0.000616972;
Rot_cv(2,:,:)=[0.999986,0.00511434,-0.00117292;-0.00510812,0.999973,0.00524917;0.00119973,-0.00524311,0.999986];
Vel_cv(2,:)=[0.017907,0.00693038,-0.125636];
t_cv(2,:)=0.0677588;
dt_cv(2,:)=0.032115;
i_cv(2,:)=2;
Pose_cv(2,:,:)=[0.999948,0.00807645,-0.00627313;-0.00800125,0.999897,0.0119222;0.00636877,-0.0118714,0.999909];
Pos_cv(2,:)=[0.000886485,-0.00141504,-0.00628328];
K_cv(2,:)=1;
KLN_cv(2,:)=15493;
Kp_cv(3,:)=1.01361;
RKp_cv(3,:)=0.000226364;
Rot_cv(3,:,:)=[0.999976,0.00564463,0.00401134;-0.0056623,0.999974,0.00440817;-0.00398636,-0.00443078,0.999982];
Vel_cv(3,:)=[0.0188841,-0.00912633,-0.0577074];
t_cv(3,:)=0.0998738;
dt_cv(3,:)=0.0360751;
i_cv(3,:)=3;
Pose_cv(3,:,:)=[0.999903,0.0137484,-0.00222628;-0.0137103,0.999773,0.0162976;0.00244984,-0.0162655,0.999865];
Pos_cv(3,:)=[0.00155863,-0.00178247,-0.00832992];
K_cv(3,:)=1;
KLN_cv(3,:)=15238;
Kp_cv(4,:)=0.992886;
RKp_cv(4,:)=0.00019527;
Rot_cv(4,:,:)=[0.999967,0.0043222,0.00688583;-0.00433101,0.99999,0.00126425;-0.00688029,-0.00129403,0.999975];
Vel_cv(4,:)=[0.0162992,0.00891038,-0.0468707];
t_cv(4,:)=0.135949;
dt_cv(4,:)=0.0318949;
i_cv(4,:)=4;
Pose_cv(4,:,:)=[0.999826,0.0180729,0.00467631;-0.018152,0.999683,0.0174668;-0.00435916,-0.0175486,0.999837];
Pos_cv(4,:)=[0.00208026,-0.00153213,-0.00984263];
K_cv(4,:)=1;
KLN_cv(4,:)=15166;
Kp_cv(5,:)=1.00403;
RKp_cv(5,:)=0.000174436;
Rot_cv(5,:,:)=[0.999979,0.00328779,0.00550534;-0.00328445,0.999994,-0.000615954;-0.00550734,0.000597859,0.999985];
Vel_cv(5,:)=[0.015808,0.00209018,-0.0272623];
t_cv(5,:)=0.167844;
dt_cv(5,:)=0.0319791;
i_cv(5,:)=5;
Pose_cv(5,:,:)=[0.99972,0.0213628,0.0101695;-0.0215312,0.999628,0.0167508;-0.00980787,-0.0169651,0.999808];
Pos_cv(5,:)=[0.0025762,-0.00149097,-0.0107169];
K_cv(5,:)=1;
KLN_cv(5,:)=15238;
Kp_cv(6,:)=0.996363;
RKp_cv(6,:)=0.000168223;
Rot_cv(6,:,:)=[0.99999,0.00376419,0.00247247;-0.00375875,0.999991,-0.0022006;-0.00248073,0.00219128,0.999995];
Vel_cv(6,:)=[0.0273737,-0.00491031,-0.0439161];
t_cv(6,:)=0.199823;
dt_cv(6,:)=0.036057;
i_cv(6,:)=6;
Pose_cv(6,:,:)=[0.999604,0.025148,0.0125942;-0.0253299,0.999574,0.0144977;-0.0122243,-0.014811,0.999816];
Pos_cv(6,:)=[0.00354194,-0.00171672,-0.0123153];
K_cv(6,:)=1;
KLN_cv(6,:)=15412;
Kp_cv(7,:)=1.02001;
RKp_cv(7,:)=0.000136489;
Rot_cv(7,:,:)=[0.999994,0.00241451,0.00230223;-0.00240617,0.999991,-0.00362121;-0.00231095,0.00361565,0.999991];
Vel_cv(7,:)=[0.026986,0.00785178,-0.0894989];
t_cv(7,:)=0.23588;
dt_cv(7,:)=0.032079;
i_cv(7,:)=7;
Pose_cv(7,:,:)=[0.999509,0.0276069,0.0148043;-0.0277684,0.999556,0.0108196;-0.0144991,-0.0112254,0.999832];
Pos_cv(7,:)=[0.00435537,-0.00152392,-0.0151446];
K_cv(7,:)=1;
KLN_cv(7,:)=15251;
Kp_cv(8,:)=1.0169;
RKp_cv(8,:)=0.000105796;
Rot_cv(8,:,:)=[0.999999,0.00142321,-0.000845539;-0.0014253,0.999996,-0.00247754;0.00084201,0.00247875,0.999997];
Vel_cv(8,:)=[0.0192653,0.0372844,-0.103236];
t_cv(8,:)=0.267959;
dt_cv(8,:)=0.031965;
i_cv(8,:)=8;
Pose_cv(8,:,:)=[0.999481,0.029066,0.0138908;-0.0291839,0.999539,0.00836657;-0.0136412,-0.00876762,0.999869];
Pos_cv(8,:)=[0.00494963,-0.00039729,-0.0184078];
K_cv(8,:)=1;
KLN_cv(8,:)=15286;
Kp_cv(9,:)=1.00869;
RKp_cv(9,:)=7.70747e-05;
Rot_cv(9,:,:)=[0.999995,-2.81959e-05,-0.0031063;2.82861e-05,1,2.89636e-05;0.0031063,-2.90513e-05,0.999995];
Vel_cv(9,:)=[0.0356436,0.0148074,-0.104445];
t_cv(9,:)=0.299924;
dt_cv(9,:)=0.035882;
i_cv(9,:)=9;
Pose_cv(9,:,:)=[0.99952,0.0290374,0.0107869;-0.0291295,0.99954,0.00848614;-0.0105355,-0.00879628,0.999906];
Pos_cv(9,:)=[0.00619219,6.07452e-05,-0.0221409];
K_cv(9,:)=1;
KLN_cv(9,:)=15296;
Kp_cv(10,:)=1.02683;
RKp_cv(10,:)=5.85198e-05;
Rot_cv(10,:,:)=[0.999996,-0.00160453,-0.00252595;0.00160782,0.999998,0.00130295;0.00252385,-0.001307,0.999996];
Vel_cv(10,:)=[0.0703611,-0.0985856,-0.00546244];
t_cv(10,:)=0.335806;
dt_cv(10,:)=0.032059;
i_cv(10,:)=10;
Pose_cv(10,:,:)=[0.99959,0.0274195,0.00829991;-0.0275009,0.999573,0.00986203;-0.00802596,-0.0100862,0.999917];
Pos_cv(10,:)=[0.00830224,-0.00307802,-0.022298];
K_cv(10,:)=1;
KLN_cv(10,:)=15295;
Kp_cv(11,:)=1.01164;
RKp_cv(11,:)=3.12032e-05;
Rot_cv(11,:,:)=[0.999995,-0.00164227,-0.00253727;0.00163397,0.999993,-0.00326884;0.00254263,0.00326468,0.999991];
Vel_cv(11,:)=[0.0928127,-0.0654449,-0.0802442];
t_cv(11,:)=0.367865;
dt_cv(11,:)=0.032052;
i_cv(11,:)=11;
Pose_cv(11,:,:)=[0.999651,0.0258048,0.00567398;-0.0258424,0.999644,0.00666428;-0.00549999,-0.00680858,0.999962];
Pos_cv(11,:)=[0.0111739,-0.00524371,-0.0248424];
K_cv(11,:)=1;
KLN_cv(11,:)=14970;
Kp_cv(12,:)=1.01118;
RKp_cv(12,:)=2.3527e-05;
Rot_cv(12,:,:)=[1,0.00020827,-0.000817847;-0.000211224,0.999993,-0.00361328;0.000817089,0.00361346,0.999993];
Vel_cv(12,:)=[0.101433,-0.0692155,-0.0397225];
t_cv(12,:)=0.399917;
dt_cv(12,:)=0.0360401;
i_cv(12,:)=12;
Pose_cv(12,:,:)=[0.99965,0.0260333,0.00476314;-0.0260481,0.999656,0.00307337;-0.00468149,-0.00319636,0.999984];
Pos_cv(12,:)=[0.0147169,-0.00780834,-0.0262671];
K_cv(12,:)=1;
KLN_cv(12,:)=15107;
Kp_cv(13,:)=1.00414;
RKp_cv(13,:)=1.75398e-05;
Rot_cv(13,:,:)=[1,0.000546459,0.000667979;-0.000542073,0.999978,-0.00654868;-0.000671544,0.00654831,0.999978];
Vel_cv(13,:)=[0.127053,-0.0747473,-0.0611371];
t_cv(13,:)=0.435957;
dt_cv(13,:)=0.031868;
i_cv(13,:)=13;
Pose_cv(13,:,:)=[0.999632,0.0266102,0.0052603;-0.0265921,0.99964,-0.00349052;-0.00535129,0.00334936,0.99998];
Pos_cv(13,:)=[0.0186743,-0.0102802,-0.0282369];
K_cv(13,:)=1;
KLN_cv(13,:)=14878;
Kp_cv(14,:)=1.00449;
RKp_cv(14,:)=1.37809e-05;
Rot_cv(14,:,:)=[0.999995,0.00193148,0.00262429;-0.00191397,0.999976,-0.0066579;-0.00263708,0.00665284,0.999974];
Vel_cv(14,:)=[0.14412,0.00688695,-0.0641244];
t_cv(14,:)=0.467825;
dt_cv(14,:)=0.032052;
i_cv(14,:)=14;
Pose_cv(14,:,:)=[0.999562,0.0285753,0.00770631;-0.028496,0.999542,-0.0102157;-0.0079947,0.00999164,0.999918];
Pos_cv(14,:)=[0.0232615,-0.0101706,-0.0303174];
K_cv(14,:)=1;
KLN_cv(14,:)=14415;
Kp_cv(15,:)=1.0021;
RKp_cv(15,:)=1.16145e-05;
Rot_cv(15,:,:)=[0.999992,0.00126081,0.00387623;-0.00123651,0.99998,-0.00626338;-0.00388405,0.00625854,0.999973];
Vel_cv(15,:)=[0.122679,-0.0354001,-0.0278497];
t_cv(15,:)=0.499877;
dt_cv(15,:)=0.0360739;
i_cv(15,:)=15;
Pose_cv(15,:,:)=[0.999488,0.0298832,0.0114017;-0.029692,0.999421,-0.0165864;-0.0118907,0.0162394,0.999797];
Pos_cv(15,:)=[0.027626,-0.0115588,-0.031393];
K_cv(15,:)=1;
KLN_cv(15,:)=14793;
Kp_cv(16,:)=1.00566;
RKp_cv(16,:)=9.91831e-06;
Rot_cv(16,:,:)=[0.999992,0.00285099,0.00265485;-0.00283352,0.999974,-0.00656141;-0.00267349,0.00655384,0.999975];
Vel_cv(16,:)=[0.129702,0.0759559,-0.090956];
t_cv(16,:)=0.535951;
dt_cv(16,:)=0.031801;
i_cv(16,:)=16;
Pose_cv(16,:,:)=[0.999366,0.0328067,0.0138588;-0.0324793,0.999203,-0.0232224;-0.0146096,0.0227576,0.999634];
Pos_cv(16,:)=[0.0317637,-0.00922522,-0.0342734];
K_cv(16,:)=1;
KLN_cv(16,:)=14700;
Kp_cv(17,:)=1.00783;
RKp_cv(17,:)=8.2963e-06;
Rot_cv(17,:,:)=[0.999992,0.00409142,0.000414516;-0.00409073,0.99999,-0.00164063;-0.000421225,0.00163892,0.999999];
Vel_cv(17,:)=[0.140006,0.152147,-0.0793264];
t_cv(17,:)=0.567752;
dt_cv(17,:)=0.032186;
i_cv(17,:)=17;
Pose_cv(17,:,:)=[0.999217,0.036918,0.0142192;-0.0365568,0.999022,-0.0248752;-0.0151236,0.0243359,0.999589];
Pos_cv(17,:)=[0.0363748,-0.00447146,-0.0367551];
K_cv(17,:)=1;
KLN_cv(17,:)=15546;
Kp_cv(18,:)=1.00024;
RKp_cv(18,:)=6.21513e-06;
Rot_cv(18,:,:)=[0.999994,0.000914133,-0.00344895;-0.000898701,0.99999,0.00447349;0.003453,-0.00447036,0.999984];
Vel_cv(18,:)=[0.119244,-0.0226666,0.0140726];
t_cv(18,:)=0.599938;
dt_cv(18,:)=0.035918;
i_cv(18,:)=18;
