Kp_cv(1,:)=1.5180876469052489e+00;
RKp_cv(1,:)=1.1388535455672422e-02;
Rot_cv(1,:,:)=[9.9999968010712414e-01,5.1273014412739579e-05,-7.9822097692892370e-04;-5.0275323212188488e-05,9.9999921765665289e-01,1.2498633824493091e-03;7.9828443670928160e-04,-1.2498228518093065e-03,9.9999890034179406e-01];
Vel_cv(1,:)=[-1.0370930701899799e-03,-1.2433279652523022e-02,-8.2148367859266828e-03];
RotGiro_cv(1,:)=[-2.4996776160865184e-02,-1.5964999093640134e-02,-1.0154798751656803e-03];
t_cv(1,:)=1.4036371305883191e+09;
dt_cv(1,:)=5.0000190734863281e-02;
i_cv(1,:)=1;
Pose_cv(1,:,:)=[1.0000000000000000e+00,0.0000000000000000e+00,0.0000000000000000e+00;0.0000000000000000e+00,1.0000000000000000e+00,0.0000000000000000e+00;0.0000000000000000e+00,0.0000000000000000e+00,1.0000000000000000e+00];
Pos_cv(1,:)=[0.0000000000000000e+00,0.0000000000000000e+00,0.0000000000000000e+00];
K_cv(1,:)=1.0000000000000000e+00;
KLN_cv(1,:)=16000;
Giro_cv(1,:)=[2.2975535969634371e-02,1.8258084515379090e-03,8.8649807357904273e-02];
Acel_cv(1,:)=[-4.1513588349669162e-01,-9.4783501610220391e+00,-2.4357585200228256e+00];
CAcel_cv(1,:)=[-4.2700854553243828e-01,-9.5165075022254015e+00,-2.4338054683969355e+00];
DGiro_cv(1,:)=[-8.2940124325472750e-02,-3.6131696741536919e-03,-5.7478716820392317e-01];
GBias_cv(1,:)=[1.5125481115763071e-03,-1.9782963139091868e-06,3.8239182127537156e-03];
dWv_cv(1,:)=[1.5125483301006827e-03,-1.9782626921219075e-06,3.8239182389213271e-03];
dWgv_cv(1,:)=[1.5125481115773956e-03,-1.9782963139106102e-06,3.8239182127564678e-03];
g_cv(1,:)=[0.0000000000000000e+00,0.0000000000000000e+00,0.0000000000000000e+00];
VBias_cv(1,:)=[0.0000000000000000e+00,0.0000000000000000e+00,0.0000000000000000e+00];
Av_cv(1,:)=[-2.0741782280179449e-02,-2.4866464447012118e-01,-1.6429610897861599e-01];
As_cv(1,:)=[-1.3755647577208271e-01,-2.3835972156020886e+00,-5.6632052547245548e-01];
Posgv_cv(1,:)=[0.0000000000000000e+00,0.0000000000000000e+00,0.0000000000000000e+00];
Kp_cv(2,:)=1.0453364584659239e+00;
RKp_cv(2,:)=6.2284187299210467e-04;
Rot_cv(2,:,:)=[9.9999879661169822e-01,8.1550769715608604e-04,1.3197432903354687e-03;-8.1543390716603886e-04,9.9999966594044265e-01,-5.6449497471746151e-05;-1.3197888844622828e-03,5.5373266113387199e-05,9.9999912754517029e-01];
Vel_cv(2,:)=[-4.4154494865470901e-03,-8.3062697385687233e-03,2.2705409226523169e-04];
RotGiro_cv(2,:)=[1.1182344835772178e-03,2.6395483385843029e-02,-1.6309515917707337e-02];
t_cv(2,:)=1.4036371306383193e+09;
dt_cv(2,:)=4.9999713897705078e-02;
i_cv(2,:)=2;
Pose_cv(2,:,:)=[1.0000000000000000e+00,0.0000000000000000e+00,0.0000000000000000e+00;0.0000000000000000e+00,1.0000000000000000e+00,0.0000000000000000e+00;0.0000000000000000e+00,0.0000000000000000e+00,1.0000000000000000e+00];
Pos_cv(2,:)=[0.0000000000000000e+00,0.0000000000000000e+00,0.0000000000000000e+00];
K_cv(2,:)=1.0000000000000000e+00;
KLN_cv(2,:)=16000;
Giro_cv(2,:)=[5.2115435087285071e-03,-1.5948205213135124e-02,7.5478434188383819e-02];
Acel_cv(2,:)=[-5.5225662711162327e-01,-9.5167183802321311e+00,-2.3271525104566932e+00];
CAcel_cv(2,:)=[-5.5022590308833086e-01,-9.5343888624083544e+00,-2.2652821018898219e+00];
DGiro_cv(2,:)=[-2.4618579326000681e-01,-8.7044247233241212e-01,-2.4052213542644560e-01];
GBias_cv(2,:)=[1.5005461041291319e-03,-7.9583477968745906e-07,3.8237853547607361e-03];
dWv_cv(2,:)=[-7.6131805820630076e-04,1.9910208674491785e-04,1.0577121836570697e-04];
dWgv_cv(2,:)=[-2.3849259318549281e-05,2.3496762427439716e-06,-2.6400289626993866e-07];
g_cv(2,:)=[0.0000000000000000e+00,0.0000000000000000e+00,0.0000000000000000e+00];
VBias_cv(2,:)=[0.0000000000000000e+00,0.0000000000000000e+00,0.0000000000000000e+00];
Av_cv(2,:)=[-4.1175449733115439e-02,-1.0376652277340674e-01,-1.8552210653330289e-02];
As_cv(2,:)=[-2.0637167080433089e-01,-4.6960629184289768e+00,-1.2566086665306269e+00];
Posgv_cv(2,:)=[0.0000000000000000e+00,0.0000000000000000e+00,0.0000000000000000e+00];
Kp_cv(3,:)=1.0244061086737872e+00;
RKp_cv(3,:)=4.6395733966809354e-04;
Rot_cv(3,:,:)=[9.9999926232850533e-01,-1.2141510265155787e-03,3.4347197917002667e-05;1.2141396927219483e-03,9.9999920910869200e-01,3.2809571261127168e-04;-3.4745528498343857e-05,-3.2805376828809230e-04,9.9999994558673533e-01];
Vel_cv(3,:)=[-4.7016136066662505e-03,-5.0120458904922942e-03,-4.3422802746575645e-03];
RotGiro_cv(3,:)=[-6.5614715100816333e-03,6.9092481077163265e-04,2.4282820967310062e-02];
t_cv(3,:)=1.4036371306883190e+09;
dt_cv(3,:)=5.0000190734863281e-02;
i_cv(3,:)=3;
Pose_cv(3,:,:)=[1.0000000000000000e+00,0.0000000000000000e+00,0.0000000000000000e+00;0.0000000000000000e+00,1.0000000000000000e+00,0.0000000000000000e+00;0.0000000000000000e+00,0.0000000000000000e+00,1.0000000000000000e+00];
Pos_cv(3,:)=[0.0000000000000000e+00,0.0000000000000000e+00,0.0000000000000000e+00];
K_cv(3,:)=1.0000000000000000e+00;
KLN_cv(3,:)=16000;
Giro_cv(3,:)=[3.0954244979579337e-02,2.6403498415521188e-02,6.0130059947403482e-02];
Acel_cv(3,:)=[-2.9469836128711380e-01,-9.2962524688767409e+00,-2.7104693683866725e+00];
CAcel_cv(3,:)=[-2.8602580036516739e-01,-9.2492918468334846e+00,-2.7609665951052098e+00];
DGiro_cv(3,:)=[-5.7949640137702985e-01,9.5819863054503795e-01,7.9156596280418734e-01];
GBias_cv(3,:)=[1.4978793929674651e-03,9.5853290037871746e-07,3.8248983434386701e-03];
dWv_cv(3,:)=[-4.9470435707024858e-04,3.0429605744508950e-04,1.7824830528574031e-04];
dWgv_cv(3,:)=[-7.8316828499135596e-06,5.1522832580896362e-06,3.2686608382726241e-06];
g_cv(3,:)=[0.0000000000000000e+00,0.0000000000000000e+00,0.0000000000000000e+00];
VBias_cv(3,:)=[0.0000000000000000e+00,0.0000000000000000e+00,0.0000000000000000e+00];
Av_cv(3,:)=[-3.4697482322302499e-02,-3.8753980840098345e-02,-1.7626086070033933e-02];
As_cv(3,:)=[-3.5789046341322361e-01,-7.0956132872558610e+00,-1.8181818924692137e+00];
Posgv_cv(3,:)=[0.0000000000000000e+00,0.0000000000000000e+00,0.0000000000000000e+00];
Kp_cv(4,:)=1.0196269573216967e+00;
RKp_cv(4,:)=3.9248540773324895e-04;
Rot_cv(4,:,:)=[9.9999937214372647e-01,9.6038166532794102e-04,5.7738999803517760e-04;-9.6095344109972376e-04,9.9999904742558476e-01,9.9081603090805568e-04;-5.7643788647842567e-04,-9.9137025372346378e-04,9.9999934245197553e-01];
Vel_cv(4,:)=[3.1406512423474216e-04,-8.1820931603898816e-03,-2.3413345694659085e-03];
RotGiro_cv(4,:)=[-1.9821889143429597e-02,1.1538294152649972e-02,-1.9213376554095388e-02];
t_cv(4,:)=1.4036371307383192e+09;
dt_cv(4,:)=4.9999952316284180e-02;
i_cv(4,:)=4;
Pose_cv(4,:,:)=[1.0000000000000000e+00,0.0000000000000000e+00,0.0000000000000000e+00;0.0000000000000000e+00,1.0000000000000000e+00,0.0000000000000000e+00;0.0000000000000000e+00,0.0000000000000000e+00,1.0000000000000000e+00];
Pos_cv(4,:)=[0.0000000000000000e+00,0.0000000000000000e+00,0.0000000000000000e+00];
K_cv(4,:)=1.0000000000000000e+00;
KLN_cv(4,:)=16000;
Giro_cv(4,:)=[2.3307086529469161e-02,7.6396317705404687e-04,1.0081395993793349e-01];
Acel_cv(4,:)=[-5.8657458295412368e-01,-9.6100496428102229e+00,-2.2418493380871873e+00];
CAcel_cv(4,:)=[-5.8344371994736599e-01,-9.6008675379459891e+00,-2.2401017916658232e+00];
DGiro_cv(4,:)=[1.3062391083417983e+00,-4.4148654436619988e-01,-2.0531618119126419e-02];
GBias_cv(4,:)=[1.4967885519786900e-03,7.5681218892626913e-07,3.8257329955726951e-03];
dWv_cv(4,:)=[-6.6993015107315605e-04,7.6267522859698605e-05,1.8831922455446440e-04];
dWgv_cv(4,:)=[-4.1760993165994928e-06,-7.7225345756986306e-07,3.1953238302999767e-06];
g_cv(4,:)=[0.0000000000000000e+00,0.0000000000000000e+00,0.0000000000000000e+00];
VBias_cv(4,:)=[0.0000000000000000e+00,0.0000000000000000e+00,0.0000000000000000e+00];
Av_cv(4,:)=[-6.1038343780399993e-03,-1.7905975014307633e-02,-1.6002771771892099e-03];
As_cv(4,:)=[-4.4340174037102353e-01,-9.4578333758521076e+00,-2.4659893199644518e+00];
Posgv_cv(4,:)=[0.0000000000000000e+00,0.0000000000000000e+00,0.0000000000000000e+00];
Kp_cv(5,:)=1.0155180531618786e+00;
RKp_cv(5,:)=3.2509181766752164e-04;
Rot_cv(5,:,:)=[9.9999997224458181e-01,1.6983284807671497e-04,-1.6330229467108266e-04;-1.6975066005114539e-04,9.9999985900239807e-01,5.0316984958571258e-04;1.6338772641444124e-04,-5.0314211494771448e-04,9.9999986007622155e-01];
Vel_cv(5,:)=[-2.6662303780751575e-03,-7.3788850825914206e-03,-3.7724005762014633e-03];
RotGiro_cv(5,:)=[-1.0063081775432364e-02,-3.2668879167365395e-03,-3.3958223019471393e-03];
t_cv(5,:)=1.4036371307883191e+09;
dt_cv(5,:)=5.0000190734863281e-02;
i_cv(5,:)=5;
Pose_cv(5,:,:)=[1.0000000000000000e+00,0.0000000000000000e+00,0.0000000000000000e+00;0.0000000000000000e+00,1.0000000000000000e+00,0.0000000000000000e+00;0.0000000000000000e+00,0.0000000000000000e+00,1.0000000000000000e+00];
Pos_cv(5,:)=[0.0000000000000000e+00,0.0000000000000000e+00,0.0000000000000000e+00];
K_cv(5,:)=1.0000000000000000e+00;
KLN_cv(5,:)=16000;
Giro_cv(5,:)=[1.0085464790983250e-02,1.1558827129963038e-02,5.7343158142267515e-02];
Acel_cv(5,:)=[-3.6601695870523765e-01,-9.4477264045416334e+00,-2.5196269569506589e+00];
CAcel_cv(5,:)=[-3.7351249837600942e-01,-9.4547425108028786e+00,-2.5622861330761815e+00];
DGiro_cv(5,:)=[4.1533231112917018e-01,5.2219604164028111e-01,-1.5886201627595811e-01];
GBias_cv(5,:)=[1.4961755757589175e-03,7.5534703611642959e-07,3.8261117518562722e-03];
dWv_cv(5,:)=[-6.0537100302191773e-04,1.4283863532022330e-04,1.6370064382005214e-04];
dWgv_cv(5,:)=[-2.8478883719011907e-06,-6.8071019977740210e-09,1.7597022217013117e-06];
g_cv(5,:)=[0.0000000000000000e+00,0.0000000000000000e+00,0.0000000000000000e+00];
VBias_cv(5,:)=[0.0000000000000000e+00,0.0000000000000000e+00,0.0000000000000000e+00];
Av_cv(5,:)=[2.8516193170229531e-03,2.0413285176560859e-02,1.2753856831437507e-02];
As_cv(5,:)=[-4.1834019560628344e-01,-9.4559589128241832e+00,-2.4952142385131229e+00];
Posgv_cv(5,:)=[0.0000000000000000e+00,0.0000000000000000e+00,0.0000000000000000e+00];
Kp_cv(6,:)=1.0102232830535529e+00;
RKp_cv(6,:)=2.7853709495202924e-04;
Rot_cv(6,:,:)=[9.9999986276927455e-01,-5.2332094322197955e-04,-2.4425846027664731e-05;5.2334169847318801e-04,9.9999949531994725e-01,8.5759741005758368e-04;2.3977035014861298e-05,-8.5761007543261520e-04,9.9999963196496222e-01];
Vel_cv(6,:)=[-2.5190243822658404e-03,-1.0866750879701804e-02,-6.1259248009090462e-03];
RotGiro_cv(6,:)=[-1.7152175887551305e-02,-4.8403166155077369e-04,1.0466688069609195e-02];
t_cv(6,:)=1.4036371308383193e+09;
dt_cv(6,:)=4.9999713897705078e-02;
i_cv(6,:)=6;
Pose_cv(6,:,:)=[1.0000000000000000e+00,0.0000000000000000e+00,0.0000000000000000e+00;0.0000000000000000e+00,1.0000000000000000e+00,0.0000000000000000e+00;0.0000000000000000e+00,0.0000000000000000e+00,1.0000000000000000e+00];
Pos_cv(6,:)=[0.0000000000000000e+00,0.0000000000000000e+00,0.0000000000000000e+00];
K_cv(6,:)=1.0000000000000000e+00;
KLN_cv(6,:)=16000;
Giro_cv(6,:)=[1.9818209320382203e-02,-3.2426248149631290e-03,7.3153498968169389e-02];
Acel_cv(6,:)=[-4.4392442778443908e-01,-9.5348774280746849e+00,-2.3643485406742184e+00];
CAcel_cv(6,:)=[-4.4380750487666093e-01,-9.5279384540308367e+00,-2.3812401278027395e+00];
DGiro_cv(6,:)=[6.3734550801716236e-02,2.3874854803799758e-01,9.8517800262704194e-02];
GBias_cv(6,:)=[1.4956522686355815e-03,6.3920395619952084e-07,3.8261833858101064e-03];
dWv_cv(6,:)=[-8.8169836611575868e-04,1.3463976609907216e-04,1.6692745377408754e-04];
dWgv_cv(6,:)=[-2.8154834852887295e-06,-6.2487000244141446e-07,3.8540315048784401e-07];
g_cv(6,:)=[0.0000000000000000e+00,0.0000000000000000e+00,0.0000000000000000e+00];
VBias_cv(6,:)=[0.0000000000000000e+00,0.0000000000000000e+00,0.0000000000000000e+00];
Av_cv(6,:)=[1.1659627798063416e-02,-1.4989481374386503e-02,-2.4160922310959732e-02];
As_cv(6,:)=[-5.0276826416998066e-01,-9.4825117983789191e+00,-2.4113912084912776e+00];
Posgv_cv(6,:)=[0.0000000000000000e+00,0.0000000000000000e+00,0.0000000000000000e+00];
Kp_cv(7,:)=1.0123783333865888e+00;
RKp_cv(7,:)=2.1011018072804834e-04;
Rot_cv(7,:,:)=[9.9999977761831682e-01,-6.3735567786116568e-04,-1.9631876448994464e-04;6.3740483488349074e-04,9.9999976549911740e-01,2.5043319602590638e-04;1.9615910343358630e-04,-2.5055827486381542e-04,9.9999994937107717e-01];
Vel_cv(7,:)=[-1.9238761156868513e-03,-7.1301403541544732e-03,-4.0995247476491130e-03];
RotGiro_cv(7,:)=[-5.0098960214254827e-03,-3.9247640394272998e-03,1.2747557577632953e-02];
t_cv(7,:)=1.4036371308883190e+09;
dt_cv(7,:)=5.0000190734863281e-02;
i_cv(7,:)=7;
Pose_cv(7,:,:)=[1.0000000000000000e+00,0.0000000000000000e+00,0.0000000000000000e+00;0.0000000000000000e+00,1.0000000000000000e+00,0.0000000000000000e+00;0.0000000000000000e+00,0.0000000000000000e+00,1.0000000000000000e+00];
Pos_cv(7,:)=[0.0000000000000000e+00,0.0000000000000000e+00,0.0000000000000000e+00];
K_cv(7,:)=1.0000000000000000e+00;
KLN_cv(7,:)=16000;
Giro_cv(7,:)=[1.2714883678746269e-02,-4.2822837313138425e-04,8.6996987253300809e-02];
Acel_cv(7,:)=[-6.2373729800616218e-01,-9.3948664299959344e+00,-2.4479906012740491e+00];
CAcel_cv(7,:)=[-6.0814573240371528e-01,-9.3573494407052848e+00,-2.4181832915751795e+00];
DGiro_cv(7,:)=[-4.5859453421488028e-01,-3.1141625899883191e-01,6.3184525571733852e-01];
GBias_cv(7,:)=[1.4952957810620779e-03,8.3020724147618987e-07,3.8256604499507809e-03];
dWv_cv(7,:)=[-6.9984553471090667e-04,2.1106577453418107e-04,-5.2418511770422737e-06];
dWgv_cv(7,:)=[-2.1485113417563430e-06,1.1511557631485137e-06,-3.1516768276926181e-06];
g_cv(7,:)=[0.0000000000000000e+00,0.0000000000000000e+00,0.0000000000000000e+00];
VBias_cv(7,:)=[0.0000000000000000e+00,0.0000000000000000e+00,0.0000000000000000e+00];
Av_cv(7,:)=[5.4437506244045452e-03,-1.3888193216687904e-02,-6.5202228303541717e-03];
As_cv(7,:)=[-4.3682439393707195e-01,-9.4697896498189209e+00,-2.4671763211627367e+00];
Posgv_cv(7,:)=[0.0000000000000000e+00,0.0000000000000000e+00,0.0000000000000000e+00];
Kp_cv(8,:)=1.0084572993346430e+00;
RKp_cv(8,:)=1.9025856561858350e-04;
Rot_cv(8,:,:)=[9.9999961012797278e-01,7.8824101028859405e-04,3.9802011500232766e-04;-7.8846870349931074e-04,9.9999952543365800e-01,5.7223208801080035e-04;-3.9756886931618517e-04,-5.7254569131755901e-04,9.9999975706518329e-01];
Vel_cv(8,:)=[-1.5561661796251057e-03,-8.2539752282530174e-03,-2.9587725608802929e-03];
RotGiro_cv(8,:)=[-1.1447790823575178e-02,7.9558988988786064e-03,-1.5767115084582499e-02];
t_cv(8,:)=1.4036371309383192e+09;
dt_cv(8,:)=4.9999952316284180e-02;
i_cv(8,:)=8;
Pose_cv(8,:,:)=[1.0000000000000000e+00,0.0000000000000000e+00,0.0000000000000000e+00;0.0000000000000000e+00,1.0000000000000000e+00,0.0000000000000000e+00;0.0000000000000000e+00,0.0000000000000000e+00,1.0000000000000000e+00];
Pos_cv(8,:)=[0.0000000000000000e+00,0.0000000000000000e+00,0.0000000000000000e+00];
K_cv(8,:)=1.0000000000000000e+00;
KLN_cv(8,:)=16000;
Giro_cv(8,:)=[2.4862379445472781e-02,-3.8691866118707027e-03,8.9208712971829432e-02];
Acel_cv(8,:)=[-2.6293108796570763e-01,-9.4630686541252338e+00,-2.4498765755795482e+00];
CAcel_cv(8,:)=[-2.9345767070666451e-01,-9.5478062218425421e+00,-2.4792292100324409e+00];
DGiro_cv(8,:)=[-2.6879130418392944e-01,5.3536910670019966e-01,-1.2660054757667698e+00];
GBias_cv(8,:)=[1.4949767026181371e-03,9.5953507590573842e-07,3.8254670008366293e-03];
dWv_cv(8,:)=[-9.6954494345037655e-04,2.3110310303290756e-04,5.9976313623160980e-05];
dWgv_cv(8,:)=[-2.1017826944789807e-06,8.5188770811797246e-07,-1.2742571869317751e-06];
g_cv(8,:)=[0.0000000000000000e+00,0.0000000000000000e+00,0.0000000000000000e+00];
VBias_cv(8,:)=[0.0000000000000000e+00,0.0000000000000000e+00,0.0000000000000000e+00];
Av_cv(8,:)=[-5.9710771829581000e-03,1.7668837292649861e-04,-3.0365156956592377e-03];
As_cv(8,:)=[-4.3791503147469291e-01,-9.4755639940223393e+00,-2.4465177062893342e+00];
Posgv_cv(8,:)=[0.0000000000000000e+00,0.0000000000000000e+00,0.0000000000000000e+00];
Kp_cv(9,:)=1.0053952608282353e+00;
RKp_cv(9,:)=1.7411588224032417e-04;
Rot_cv(9,:,:)=[9.9999976500946175e-01,3.9288244351354956e-04,5.6180459863112682e-04;-3.9339505576696738e-04,9.9999950618288436e-01,9.1261948126811687e-04;-5.6144576903057982e-04,-9.1284027796258139e-04,9.9999942575047251e-01];
Vel_cv(9,:)=[7.6998833009384482e-04,-9.9174345138226816e-03,-3.4865769024828566e-03];
RotGiro_cv(9,:)=[-1.8254618965733369e-02,1.1232516828213157e-02,-7.8627841989485272e-03];
t_cv(9,:)=1.4036371309883192e+09;
dt_cv(9,:)=4.9999952316284180e-02;
i_cv(9,:)=9;
Pose_cv(9,:,:)=[1.0000000000000000e+00,0.0000000000000000e+00,0.0000000000000000e+00;0.0000000000000000e+00,1.0000000000000000e+00,0.0000000000000000e+00;0.0000000000000000e+00,0.0000000000000000e+00,1.0000000000000000e+00];
Pos_cv(9,:)=[0.0000000000000000e+00,0.0000000000000000e+00,0.0000000000000000e+00];
K_cv(9,:)=1.0000000000000000e+00;
KLN_cv(9,:)=16000;
Giro_cv(9,:)=[1.8433367203607547e-02,7.9963591344088432e-03,6.0714438362712911e-02];
Acel_cv(9,:)=[-4.1214333941914782e-01,-9.4808385082953315e+00,-2.4552919693523556e+00];
CAcel_cv(9,:)=[-4.1354154112305935e-01,-9.4764371867509478e+00,-2.4779287468627049e+00];
DGiro_cv(9,:)=[-6.9884485433457030e-03,3.4928651883401707e-01,6.8344248224397469e-02];
GBias_cv(9,:)=[1.4947057972673305e-03,8.8536811664244229e-07,3.8253901267533939e-03];
dWv_cv(9,:)=[-1.0819569560358800e-03,4.1352218854057415e-05,3.8151213558352176e-05];
dWgv_cv(9,:)=[-1.9139926271558641e-06,-5.2400224944182137e-07,-5.4312854321068772e-07];
g_cv(9,:)=[0.0000000000000000e+00,0.0000000000000000e+00,0.0000000000000000e+00];
VBias_cv(9,:)=[0.0000000000000000e+00,0.0000000000000000e+00,0.0000000000000000e+00];
Av_cv(9,:)=[1.5647433485490549e-02,-4.9820189489823254e-03,7.5867112168370391e-03];
As_cv(9,:)=[-4.5774885218029160e-01,-9.4605649283186111e+00,-2.4224667040506893e+00];
Posgv_cv(9,:)=[0.0000000000000000e+00,0.0000000000000000e+00,0.0000000000000000e+00];
Kp_cv(10,:)=1.0056679810313602e+00;
RKp_cv(10,:)=1.5327912668779056e-04;
Rot_cv(10,:,:)=[9.9999920785902330e-01,1.2517471541565431e-03,1.3194842763373932e-04;-1.2517936821636346e-03,9.9999915415487439e-01,3.5313186437259885e-04;-1.3150628421956258e-04,-3.5329675685046182e-04,9.9999992894374667e-01];
Vel_cv(10,:)=[-1.7546927916442172e-03,-8.0646552290310480e-03,-1.3084581721442676e-03];
RotGiro_cv(10,:)=[-7.0642949614620242e-03,2.6345503814614647e-03,-2.5035439369955292e-02];
t_cv(10,:)=1.4036371310383191e+09;
dt_cv(10,:)=4.9999952316284180e-02;
i_cv(10,:)=10;
Pose_cv(10,:,:)=[1.0000000000000000e+00,0.0000000000000000e+00,0.0000000000000000e+00;0.0000000000000000e+00,1.0000000000000000e+00,0.0000000000000000e+00;0.0000000000000000e+00,0.0000000000000000e+00,1.0000000000000000e+00];
Pos_cv(10,:)=[0.0000000000000000e+00,0.0000000000000000e+00,0.0000000000000000e+00];
K_cv(10,:)=1.0000000000000000e+00;
KLN_cv(10,:)=16000;
Giro_cv(10,:)=[1.1615289993960528e-02,1.1279189724872837e-02,6.8627387711139770e-02];
Acel_cv(10,:)=[-5.4686565254557729e-01,-9.4578796762068542e+00,-2.3484895511237296e+00];
CAcel_cv(10,:)=[-5.4157811282180524e-01,-9.4700071906993895e+00,-2.2744963629834758e+00];
DGiro_cv(10,:)=[-4.2863064305043364e-01,-9.9838840792303118e-01,-1.3300641020705500e-01];
GBias_cv(10,:)=[1.4944993147647607e-03,8.4391816445862854e-07,3.8255012966408762e-03];
dWv_cv(10,:)=[-8.3919378296580483e-04,7.5022714731998400e-05,7.6502195838001584e-05];
dWgv_cv(10,:)=[-1.5420574145142099e-06,-3.0955749422269909e-07,8.3024153198950240e-07];
g_cv(10,:)=[0.0000000000000000e+00,0.0000000000000000e+00,0.0000000000000000e+00];
VBias_cv(10,:)=[0.0000000000000000e+00,0.0000000000000000e+00,0.0000000000000000e+00];
Av_cv(10,:)=[8.3271717758518979e-03,5.5991294479337088e-03,2.0619094690447932e-02];
As_cv(10,:)=[-3.9297206593603839e-01,-9.4699527441612972e+00,-2.4615298340452862e+00];
Posgv_cv(10,:)=[0.0000000000000000e+00,0.0000000000000000e+00,0.0000000000000000e+00];
Kp_cv(11,:)=1.0118046423906426e+00;
RKp_cv(11,:)=1.4469793567234654e-04;
Rot_cv(11,:,:)=[9.9999587519310096e-01,-2.8228872271700320e-03,-5.3000423227847482e-04;2.8231541350571122e-03,9.9999588812328888e-01,5.0352482002622800e-04;5.2858065918337397e-04,-5.0501902672353159e-04,9.9999973277909904e-01];
Vel_cv(11,:)=[-5.1242243124739947e-03,-9.7146731608980103e-03,-7.3221718472321938e-03];
RotGiro_cv(11,:)=[-1.0085414288987208e-02,-1.0585823536440227e-02,5.6460278265866082e-02];
t_cv(11,:)=1.4036371310883191e+09;
dt_cv(11,:)=5.0000190734863281e-02;
i_cv(11,:)=11;
Pose_cv(11,:,:)=[1.0000000000000000e+00,0.0000000000000000e+00,0.0000000000000000e+00;0.0000000000000000e+00,1.0000000000000000e+00,0.0000000000000000e+00;0.0000000000000000e+00,0.0000000000000000e+00,1.0000000000000000e+00];
Pos_cv(11,:)=[0.0000000000000000e+00,0.0000000000000000e+00,0.0000000000000000e+00];
K_cv(11,:)=1.0000000000000000e+00;
KLN_cv(11,:)=16000;
Giro_cv(11,:)=[2.2801768667120366e-02,2.6468508037726999e-03,5.1489030489761944e-02];
Acel_cv(11,:)=[-3.7100610958179653e-01,-9.3768512500660250e+00,-2.5576268205885206e+00];
CAcel_cv(11,:)=[-3.7871205157941246e-01,-9.3920660924840949e+00,-2.5809128320841577e+00];
DGiro_cv(11,:)=[-5.2031741816561938e-01,5.2220768403780637e-01,-1.6901871658632711e-01];
GBias_cv(11,:)=[1.4943118886137649e-03,7.5568156837407248e-07,3.8262163579890476e-03];
dWv_cv(11,:)=[-1.4968207578039590e-03,3.2760347907623711e-04,4.2250043081938887e-04];
dWgv_cv(11,:)=[-1.4627529890905087e-06,-6.8863573190856891e-07,5.5806413292017640e-06];
g_cv(11,:)=[0.0000000000000000e+00,0.0000000000000000e+00,0.0000000000000000e+00];
VBias_cv(11,:)=[0.0000000000000000e+00,0.0000000000000000e+00,0.0000000000000000e+00];
Av_cv(11,:)=[-1.3225048409883590e-02,-1.0003872710253546e-02,-9.4954262188409744e-03];
As_cv(11,:)=[-5.0713684214751586e-01,-9.4273151303320475e+00,-2.4114847004430828e+00];
Posgv_cv(11,:)=[0.0000000000000000e+00,0.0000000000000000e+00,0.0000000000000000e+00];
Kp_cv(12,:)=1.0002935590009008e+00;
RKp_cv(12,:)=1.2425277042778024e-04;
Rot_cv(12,:,:)=[9.9999992603187182e-01,2.7022606997161182e-04,-2.7370444227381349e-04;-2.7013000159074673e-04,9.9999990192515786e-01,3.5096931091513020e-04;2.7379925648783848e-04,-3.5089534917316520e-04,9.9999990095320568e-01];
Vel_cv(12,:)=[-2.9645295156033660e-04,2.2188544072518856e-03,-2.4486972024809952e-03];
RotGiro_cv(12,:)=[-7.0186870792464133e-03,-5.4750685635814745e-03,-5.4035918793659873e-03];
t_cv(12,:)=1.4036371311383193e+09;
dt_cv(12,:)=4.9999713897705078e-02;
i_cv(12,:)=12;
Pose_cv(12,:,:)=[1.0000000000000000e+00,0.0000000000000000e+00,0.0000000000000000e+00;0.0000000000000000e+00,1.0000000000000000e+00,0.0000000000000000e+00;0.0000000000000000e+00,0.0000000000000000e+00,1.0000000000000000e+00];
Pos_cv(12,:)=[0.0000000000000000e+00,0.0000000000000000e+00,0.0000000000000000e+00];
K_cv(12,:)=1.0000000000000000e+00;
KLN_cv(12,:)=16000;
Giro_cv(12,:)=[1.9712274794238878e-02,-1.0536701595555359e-02,1.3309820402941797e-01];
Acel_cv(12,:)=[-6.7543032096251454e-01,-9.4566235725505781e+00,-2.3730640303128725e+00];
CAcel_cv(12,:)=[-6.4030048420880858e-01,-9.3808732353966526e+00,-2.2833321675848142e+00];
DGiro_cv(12,:)=[2.5817629132869901e-01,-1.4577356517593913e+00,1.1295238174335096e+00];
GBias_cv(12,:)=[9.3473946215851032e-04,1.8758497713068046e-04,3.8752383849939716e-03];
dWv_cv(12,:)=[-2.2037901637412735e-04,1.1250313337794922e-04,-1.3454197631832386e-04];
dWgv_cv(12,:)=[-2.5127496429566246e-06,3.1141541601259931e-06,-8.4082142834675754e-06];
g_cv(12,:)=[0.0000000000000000e+00,0.0000000000000000e+00,0.0000000000000000e+00];
VBias_cv(12,:)=[0.0000000000000000e+00,0.0000000000000000e+00,0.0000000000000000e+00];
Av_cv(12,:)=[-6.6865972286076917e-03,4.2261883197800741e-02,-5.5406415153605431e-03];
As_cv(12,:)=[-4.3668761554907803e-01,-9.4804137043859242e+00,-2.4139875902121739e+00];
Posgv_cv(12,:)=[0.0000000000000000e+00,0.0000000000000000e+00,0.0000000000000000e+00];
Kp_cv(13,:)=1.0006992853640000e+00;
RKp_cv(13,:)=1.2832642709504033e-04;
Rot_cv(13,:,:)=[9.9999999854434385e-01,-5.3673859694062018e-05,5.5163143965240984e-06;5.3674021856318724e-05,9.9999999812734308e-01,-2.9400905014679063e-05;-5.5147363261186420e-06,2.9401201054665485e-05,9.9999999955257901e-01];
Vel_cv(13,:)=[1.3989708482049852e-04,-1.2463242451075747e-03,1.0251154031791498e-03];
RotGiro_cv(13,:)=[5.8801881794965825e-04,1.1031008649650579e-04,1.0734747211982229e-03];
t_cv(13,:)=1.4036371311883190e+09;
dt_cv(13,:)=5.0000190734863281e-02;
i_cv(13,:)=13;
Pose_cv(13,:,:)=[1.0000000000000000e+00,0.0000000000000000e+00,0.0000000000000000e+00;0.0000000000000000e+00,1.0000000000000000e+00,0.0000000000000000e+00;0.0000000000000000e+00,0.0000000000000000e+00,1.0000000000000000e+00];
Pos_cv(13,:)=[0.0000000000000000e+00,0.0000000000000000e+00,0.0000000000000000e+00];
K_cv(13,:)=1.0000000000000000e+00;
KLN_cv(13,:)=16000;
Giro_cv(13,:)=[1.1652169553929580e-02,-1.6929715529779073e-03,7.2029250465599354e-02];
Acel_cv(13,:)=[-9.1399978791339986e-02,-9.5461107577656179e+00,-2.3952745402616289e+00];
CAcel_cv(13,:)=[-1.4816913861267289e-01,-9.6860154569598436e+00,-2.4953079243640843e+00];
DGiro_cv(13,:)=[3.5632806674764061e-01,1.4205916057771710e+00,-2.1890280751658118e+00];
GBias_cv(13,:)=[9.3498572817139172e-04,1.8659987347398039e-04,3.8787418462801360e-03];
dWv_cv(13,:)=[-2.7520301129340241e-05,-8.2432154118922864e-05,2.4443173206944074e-04];
dWgv_cv(13,:)=[6.6947499825467258e-07,-2.6780076598205165e-06,9.5241714883710116e-06];
g_cv(13,:)=[0.0000000000000000e+00,0.0000000000000000e+00,0.0000000000000000e+00];
VBias_cv(13,:)=[0.0000000000000000e+00,0.0000000000000000e+00,0.0000000000000000e+00];
Av_cv(13,:)=[5.0351136658520587e-04,5.5227584017091880e-02,1.5825412048798653e-02];
As_cv(13,:)=[-4.4515975995690943e-01,-9.4524983710702681e+00,-2.4438640393029130e+00];
Posgv_cv(13,:)=[0.0000000000000000e+00,0.0000000000000000e+00,0.0000000000000000e+00];
Kp_cv(14,:)=9.9999452038544645e-01;
RKp_cv(14,:)=1.3409864052425525e-04;
Rot_cv(14,:,:)=[9.9999986780096084e-01,-5.0833052675019618e-04,7.7447636231253126e-05;5.0834199973023592e-04,9.9999985981391748e-01,-1.4819094731664389e-04;-7.7372295391847014e-05,1.4823029761222215e-04,9.9999998602065365e-01];
Vel_cv(14,:)=[-1.4034555114301620e-03,4.2050985679939002e-05,3.6817924749332878e-04];
RotGiro_cv(14,:)=[2.9642154176589379e-03,1.5482008666021176e-03,1.0166735445790300e-02];
t_cv(14,:)=1.4036371312383192e+09;
dt_cv(14,:)=4.9999952316284180e-02;
i_cv(14,:)=14;
Pose_cv(14,:,:)=[1.0000000000000000e+00,0.0000000000000000e+00,0.0000000000000000e+00;0.0000000000000000e+00,1.0000000000000000e+00,0.0000000000000000e+00;0.0000000000000000e+00,0.0000000000000000e+00,1.0000000000000000e+00];
Pos_cv(14,:)=[0.0000000000000000e+00,0.0000000000000000e+00,0.0000000000000000e+00];
K_cv(14,:)=1.0000000000000000e+00;
KLN_cv(14,:)=16000;
Giro_cv(14,:)=[1.9288510394970027e-02,3.8247268932080055e-03,7.8770072299686078e-02];
Acel_cv(14,:)=[-6.2085515085245735e-01,-9.4478905808679592e+00,-2.4338195848490862e+00];
CAcel_cv(14,:)=[-5.8783029752434335e-01,-9.3547244615636664e+00,-2.4059046826568933e+00];
DGiro_cv(14,:)=[-1.7138776174141931e-01,-3.7358163415842832e-01,1.4495915662909935e+00];
GBias_cv(14,:)=[9.3523656298349065e-04,1.8678966773168801e-04,3.8781417737791439e-03];
dWv_cv(14,:)=[1.4548924680822157e-04,3.3325365446879528e-05,-8.1770944981629214e-05];
dWgv_cv(14,:)=[9.0934595099869912e-07,6.8805696595712667e-07,-2.1754296962085392e-06];
g_cv(14,:)=[0.0000000000000000e+00,0.0000000000000000e+00,0.0000000000000000e+00];
VBias_cv(14,:)=[0.0000000000000000e+00,0.0000000000000000e+00,0.0000000000000000e+00];
Av_cv(14,:)=[1.2044422456455548e-02,4.9332521694796100e-02,2.3419657281001916e-02];
As_cv(14,:)=[-4.2003553962137802e-01,-9.4906554506318450e+00,-2.4161143596573198e+00];
Posgv_cv(14,:)=[0.0000000000000000e+00,0.0000000000000000e+00,0.0000000000000000e+00];
Kp_cv(15,:)=1.0004779534657680e+00;
RKp_cv(15,:)=1.3803091893041430e-04;
Rot_cv(15,:,:)=[9.9999983735385656e-01,5.5751447029136743e-04,1.2029079855838010e-04;-5.5752470274469772e-04,9.9999984096654737e-01,8.5047548621568816e-05;-1.2024336418911248e-04,-8.5114599880624692e-05,9.9999998914851917e-01];
Vel_cv(15,:)=[3.4507196907707012e-03,-3.4428730570396765e-04,1.0976076578492224e-03];
RotGiro_cv(15,:)=[-1.7016150881824965e-03,2.4053325851676449e-03,-1.1150349813127047e-02];
t_cv(15,:)=1.4036371312883191e+09;
dt_cv(15,:)=5.0000190734863281e-02;
i_cv(15,:)=15;
Pose_cv(15,:,:)=[1.0000000000000000e+00,0.0000000000000000e+00,0.0000000000000000e+00;0.0000000000000000e+00,1.0000000000000000e+00,0.0000000000000000e+00;0.0000000000000000e+00,0.0000000000000000e+00,1.0000000000000000e+00];
Pos_cv(15,:)=[0.0000000000000000e+00,0.0000000000000000e+00,0.0000000000000000e+00];
K_cv(15,:)=1.0000000000000000e+00;
KLN_cv(15,:)=16000;
Giro_cv(15,:)=[2.1690956888205420e-02,5.2938339583771584e-03,8.7695776610912241e-02];
Acel_cv(15,:)=[-2.6921897255159716e-01,-9.4868477403681588e+00,-2.4458618572843869e+00];
CAcel_cv(15,:)=[-2.9086280941187437e-01,-9.5411772065997287e+00,-2.4814573002076128e+00];
DGiro_cv(15,:)=[1.4008845229258146e-01,5.0127658609248615e-01,-8.5028134161715829e-01];
GBias_cv(15,:)=[9.3507880343499388e-04,1.8644665307400739e-04,3.8788970720514179e-03];
dWv_cv(15,:)=[-1.5267514360578418e-04,-1.2833888104884638e-04,1.2288304156730679e-04];
dWgv_cv(15,:)=[-7.0382271514008269e-07,-1.5303131252719690e-06,3.3696602570027336e-06];
g_cv(15,:)=[0.0000000000000000e+00,0.0000000000000000e+00,0.0000000000000000e+00];
VBias_cv(15,:)=[0.0000000000000000e+00,0.0000000000000000e+00,0.0000000000000000e+00];
Av_cv(15,:)=[3.2076337489246778e-02,3.3124546182877433e-02,3.9321626305864450e-02];
As_cv(15,:)=[-3.8674120793259087e-01,-9.4940202254222186e+00,-2.4406036234799116e+00];
Posgv_cv(15,:)=[0.0000000000000000e+00,0.0000000000000000e+00,0.0000000000000000e+00];
Kp_cv(16,:)=1.0003929389663102e+00;
RKp_cv(16,:)=1.4166743605757457e-04;
Rot_cv(16,:,:)=[9.9999991571724989e-01,-3.4937451059113107e-04,-2.1564541312776286e-04;3.4943649563297380e-04,9.9999989762786923e-01,2.8746893193092217e-04;2.1554495673428917e-04,-2.8754426207971089e-04,9.9999993542933252e-01];
Vel_cv(16,:)=[2.9272649766894769e-03,-3.4254169900418860e-04,-2.2279894169987785e-03];
RotGiro_cv(16,:)=[-5.7501650836295345e-03,-4.3119285522169315e-03,6.9881503415872657e-03];
t_cv(16,:)=1.4036371313383193e+09;
dt_cv(16,:)=4.9999713897705078e-02;
i_cv(16,:)=16;
Pose_cv(16,:,:)=[9.9406096105591935e-01,-1.0878653381086310e-01,-2.8802371430041189e-03;1.0882445891492529e-01,9.9376127970148875e-01,2.4408115616180216e-02;2.0699385433650274e-04,-2.4576595115618192e-02,9.9969792843941951e-01];
Pos_cv(16,:)=[1.4767719987563791e-04,-3.8113618549798883e-06,-1.1091396385439099e-04];
K_cv(16,:)=1.0668197361014105e+00;
KLN_cv(16,:)=16000;
Giro_cv(16,:)=[1.6986175351593774e-02,6.1135399284918783e-03,6.6480659470244702e-02];
Acel_cv(16,:)=[-5.5290439049248108e-01,-9.4542356158388294e+00,-2.4336787530174107e+00];
CAcel_cv(16,:)=[-5.2711938757877985e-01,-9.3938036753358176e+00,-2.3802377721097239e+00];
DGiro_cv(16,:)=[-8.2063113344710475e-02,-7.9330638293390476e-01,9.3667894751576264e-01];
GBias_cv(16,:)=[9.3490941769419655e-04,1.8619664235508657e-04,3.8788233342688175e-03];
dWv_cv(16,:)=[-1.1109154933350717e-04,-1.6019834626290711e-04,-1.9878370850975900e-05];
dWgv_cv(16,:)=[-8.8346293518589801e-07,-1.3039775516285289e-06,-3.8459316317575755e-07];
g_cv(16,:)=[1.0745406620895730e+00,9.8124715169428249e+00,2.4100751775915358e-01];
VBias_cv(16,:)=[-2.5676526508691959e-15,-2.4220534583848070e-18,1.1546583841611485e-14];
Av_cv(16,:)=[1.8781049066469786e-02,-8.3605267091045789e-03,1.5831750504498249e-03];
As_cv(16,:)=[-4.9343617835237458e-01,-9.4345310196868049e+00,-2.4099357181364547e+00];
Posgv_cv(16,:)=[1.4767719987878315e-04,-3.8113618534084025e-06,-1.1091396385416640e-04];
Kp_cv(17,:)=1.0052202860902235e+00;
RKp_cv(17,:)=1.4718562286855630e-04;
Rot_cv(17,:,:)=[9.9999974215838783e-01,-1.0071561312068587e-04,-7.1101302588018236e-04;1.0047604215733145e-04,9.9999993817761335e-01,-3.3697082199118076e-04;7.1104692014658881e-04,3.3689929533131549e-04,9.9999969045552306e-01];
Vel_cv(17,:)=[1.9455304924510964e-03,-1.9557273414697153e-03,2.8422049453398135e-03];
RotGiro_cv(17,:)=[6.7386729864204508e-03,-1.4220546008537767e-02,2.0118934414680026e-03];
t_cv(17,:)=1.4036371313883190e+09;
dt_cv(17,:)=5.0000190734863281e-02;
i_cv(17,:)=17;
Pose_cv(17,:,:)=[9.9473511786683799e-01,-1.0242307708932574e-01,-3.3997885230694475e-03;1.0247452889914140e-01,9.9446580193897438e-01,2.3167643401327161e-02;1.0080720939449825e-03,-2.3394060216774291e-02,9.9972581327943444e-01];
Pos_cv(17,:)=[2.5397465385743691e-04,-8.7796268585352673e-05,3.3543454393794591e-05];
K_cv(17,:)=1.1140120587483444e+00;
KLN_cv(17,:)=16000;
Giro_cv(17,:)=[1.2919502650216541e-02,-5.7492637030555837e-04,8.4558523960222121e-02];
Acel_cv(17,:)=[-5.6670077620815262e-01,-9.4437258341344741e+00,-2.4120015068068774e+00];
CAcel_cv(17,:)=[-5.6303370861327062e-01,-9.4508703013367548e+00,-2.3639404247170912e+00];
DGiro_cv(17,:)=[-7.4638373655801793e-01,-4.9991901537874117e-01,-1.7365722101966938e-02];
GBias_cv(17,:)=[9.3502339347156013e-04,1.8594152854430212e-04,3.8783509970731680e-03];
dWv_cv(17,:)=[9.1478955463542141e-05,-3.4007269266627586e-04,-1.8687296273091694e-04];
dWgv_cv(17,:)=[6.7052018393616879e-07,-1.5008360836715737e-06,-2.7787625637024599e-06];
g_cv(17,:)=[1.0147514352591001e+00,9.8476724965175375e+00,2.2941700387036115e-01];
VBias_cv(17,:)=[-1.5992093142909979e-10,3.4735523352253709e-11,-7.8365613313540184e-10];
Av_cv(17,:)=[1.4716226733327661e-02,-2.7651359042525818e-03,1.1855113342303049e-03];
As_cv(17,:)=[-4.5014613064624637e-01,-9.4685400780044660e+00,-2.4028475458505345e+00];
Posgv_cv(17,:)=[2.5397441638041476e-04,-8.7796154613180397e-05,3.3543551639319267e-05];
Kp_cv(18,:)=1.0009060466955695e+00;
RKp_cv(18,:)=1.4996841635552818e-04;
Rot_cv(18,:,:)=[9.9999987863291795e-01,4.9234649847448267e-04,-1.8140425803325151e-05;-4.9234463743908950e-04,9.9999987355010977e-01,1.0245253804522220e-04;1.8190865657847508e-05,-1.0244359426948939e-04,9.9999999458720124e-01];
Vel_cv(18,:)=[4.7778072409358904e-04,1.5726228511159330e-03,-4.4174993563338947e-04];
RotGiro_cv(18,:)=[-2.0489569252585284e-03,-3.6331288422918593e-04,-9.8469673529311408e-03];
t_cv(18,:)=1.4036371314383192e+09;
dt_cv(18,:)=4.9999952316284180e-02;
i_cv(18,:)=18;
Pose_cv(18,:,:)=[9.9521219823963780e-01,-9.7680746155448611e-02,-3.3395067813884898e-03;9.7729270044601357e-02,9.9499594109745604e-01,2.0786220823825762e-02;1.2923821329257734e-03,-2.1013068079228269e-02,9.9977836579830026e-01];
Pos_cv(18,:)=[2.7014295377638596e-04,-7.6830177277433735e-06,9.8397924292710037e-06];
K_cv(18,:)=1.1852199713885907e+00;
KLN_cv(18,:)=15814;
Giro_cv(18,:)=[2.5420434164278617e-02,-1.0533963506391948e-02,7.9540819980805380e-02];
Acel_cv(18,:)=[-3.9589377530329861e-01,-9.4354741391552110e+00,-2.4141685493805065e+00];
CAcel_cv(18,:)=[-4.0952822114183696e-01,-9.4877483272576733e+00,-2.3901907970789384e+00];
DGiro_cv(18,:)=[-5.0872559903154091e-01,-2.0612211313101245e-01,-7.3864545424481154e-01];
GBias_cv(18,:)=[9.3497307696837327e-04,1.8575030193885203e-04,3.8790252679597962e-03];
dWv_cv(18,:)=[-3.0084815455415871e-05,-9.3182620988155459e-05,1.5088722757611666e-04];
dWgv_cv(18,:)=[-3.2520443014273501e-07,-1.2359312614101642e-06,4.3579316041370314e-06];
g_cv(18,:)=[9.5432047375906581e-01,9.7160758231706996e+00,2.0297620247445772e-01];
VBias_cv(18,:)=[3.2248312446441960e-10,1.9853968542573440e-11,-2.3136408747421622e-09];
Av_cv(18,:)=[3.8162958785043764e-03,2.3212625403413734e-03,-5.4642241270968620e-05];
As_cv(18,:)=[-4.5426038885060638e-01,-9.4399491200162107e+00,-2.4160192858376903e+00];
Posgv_cv(18,:)=[2.7014207386618630e-04,-7.6830208434151837e-06,9.8395650201626273e-06];
Kp_cv(19,:)=1.0006433146422635e+00;
RKp_cv(19,:)=1.5574867074247327e-04;
Rot_cv(19,:,:)=[9.9999970247459213e-01,7.1124760292067522e-05,7.6810936450629093e-04;-7.1158379271370941e-05,9.9999999651159444e-01,4.3741239908734622e-05;-7.6810625074162826e-04,-4.3795884312089548e-05,9.9999970404731042e-01];
Vel_cv(19,:)=[1.6753841751832581e-03,2.2063955456813750e-03,-3.3518063458878155e-03];
RotGiro_cv(19,:)=[-8.7537703494941445e-04,1.5362174675740928e-02,-1.4229199815361930e-03];
t_cv(19,:)=1.4036371314883192e+09;
dt_cv(19,:)=4.9999952316284180e-02;
i_cv(19,:)=19;
Pose_cv(19,:,:)=[9.9550925861930817e-01,-9.4630698318345127e-02,-2.5193132035048397e-03;9.4662266100831657e-02,9.9530736002964215e-01,2.0057777730340974e-02;6.0940946033189694e-04,-2.0206187334744129e-02,9.9979564842696866e-01];
Pos_cv(19,:)=[3.4351987517026777e-04,1.0668690345947721e-04,-1.5989419400859852e-04];
K_cv(19,:)=1.2375267856377998e+00;
KLN_cv(19,:)=15282;
Giro_cv(19,:)=[1.6644587970142653e-02,3.3211034861805057e-03,6.7809245149688391e-02];
Acel_cv(19,:)=[-3.2878256957564789e-01,-9.4609750441208753e+00,-2.4973622016662986e+00];
CAcel_cv(19,:)=[-3.2211656109277254e-01,-9.4267470469470833e+00,-2.5313752565925860e+00];
DGiro_cv(19,:)=[3.4461256473214508e-01,4.1208487181456260e-01,4.8222749009718158e-01];
GBias_cv(19,:)=[9.3462907692512152e-04,1.8584510550639742e-04,3.8790703670213002e-03];
dWv_cv(19,:)=[-1.4562573025677197e-04,5.3705577497290326e-05,1.5431940892369566e-05];
dWgv_cv(19,:)=[-2.3942400140440351e-06,6.5983275102442147e-07,3.1388943044266202e-07];
g_cv(19,:)=[9.2125620161865107e-01,9.6863630643207213e+00,1.9520293445207046e-01];
VBias_cv(19,:)=[-2.4234290982579101e-10,1.1755880451483521e-10,-4.3630972762885653e-09];
Av_cv(19,:)=[-1.3070231088192091e-02,1.1801884642749717e-02,-1.1789881387869501e-02];
As_cv(19,:)=[-4.1447908493488006e-01,-9.4732205424401954e+00,-2.4381566175675546e+00];
Posgv_cv(19,:)=[3.4351760173314709e-04,1.0668725016872310e-04,-1.5989443539637981e-04];
Kp_cv(20,:)=1.0016831097217140e+00;
RKp_cv(20,:)=1.5749044709178873e-04;
Rot_cv(20,:,:)=[9.9999905373344389e-01,-1.3753789600966426e-03,-2.9409758630633230e-05;1.3753752134134849e-03,9.9999904610161672e-01,-1.2703888552343247e-04;2.9584457186953416e-05,1.2699831585772571e-04,9.9999999149809404e-01];
Vel_cv(20,:)=[-2.8659941404032782e-03,-1.1394525875813208e-03,6.5672832617383824e-04];
RotGiro_cv(20,:)=[2.5401378197062148e-03,-5.8991419131482572e-04,2.7507367912838181e-02];
t_cv(20,:)=1.4036371315383191e+09;
dt_cv(20,:)=4.9999952316284180e-02;
i_cv(20,:)=20;
Pose_cv(20,:,:)=[9.9675653243093298e-01,-8.0464310845548281e-02,-1.3819321307212925e-03;8.0346433238845744e-02,9.9402813285722602e-01,7.3841192800310429e-02;-4.5679012750539198e-03,-7.3712724603883006e-02,9.9726905522502496e-01];
Pos_cv(20,:)=[2.0522852777852369e-04,4.0957480548742367e-05,-1.2229968133261357e-04];
K_cv(20,:)=1.2231130675058179e+00;
KLN_cv(20,:)=14646;
Giro_cv(20,:)=[1.7800145136360222e-02,1.9082697070219267e-02,7.6160239145268954e-02];
Acel_cv(20,:)=[-3.7323103155478909e-01,-9.5194763472944253e+00,-2.4516910113283381e+00];
CAcel_cv(20,:)=[-3.7745956281430199e-01,-9.5270137878826766e+00,-2.4665550548305122e+00];
DGiro_cv(20,:)=[3.5156935277464924e-01,1.1628295962588318e-01,-1.5898082492524498e-01];
GBias_cv(20,:)=[9.3503539145347149e-04,1.8571441614218914e-04,3.8794742349383690e-03];
dWv_cv(20,:)=[1.5360187298422775e-04,-5.8830345029838546e-05,1.2722614292393371e-04];
dWgv_cv(20,:)=[2.9985857087848588e-06,-9.6448251898979754e-07,2.9805298109267896e-06];
g_cv(20,:)=[7.7558904354652380e-01,9.5954144788138720e+00,7.1279355896333940e-01];
VBias_cv(20,:)=[-1.1895551300125953e-08,1.4464635582580990e-09,-1.0462400494314175e-08];
Av_cv(20,:)=[-2.1121285267766566e-02,4.6460853780316124e-03,-2.1580449947230394e-05];
As_cv(20,:)=[-4.1566598365733515e-01,-9.4551389313129164e+00,-2.4465217036334228e+00];
Posgv_cv(20,:)=[2.0522170021602568e-04,4.0965976244113718e-05,-1.2229354273248438e-04];
Kp_cv(21,:)=1.0031234707868308e+00;
RKp_cv(21,:)=1.5906059131940754e-04;
Rot_cv(21,:,:)=[9.9999987710058336e-01,-1.7835723452124065e-05,-4.9546009482161831e-04;1.7909885654787221e-05,9.9999998863764605e-01,1.4967946960331663e-04;4.9545741955038742e-04,-1.4968832484144379e-04,9.9999986605766633e-01];
Vel_cv(21,:)=[9.4977329350673639e-04,-3.8237160801687033e-03,1.3221502962942498e-03];
RotGiro_cv(21,:)=[-2.9941563814265743e-03,-9.9090803906450725e-03,3.5714540576765359e-04];
t_cv(21,:)=1.4036371315883191e+09;
dt_cv(21,:)=5.0000190734863281e-02;
i_cv(21,:)=21;
