Kp_cv(1,:)=2.2977486605048685e+00;
RKp_cv(1,:)=5.5781703393547946e-03;
Rot_cv(1,:,:)=[9.9999257853533607e-01,-3.8476634210310840e-03,1.9585823617002560e-04;3.8478429144307874e-03,9.9999216969908300e-01,-9.2447034872968710e-04;-1.9229965179646432e-04,9.2521711953194087e-04,9.9999955349696334e-01];
Vel_cv(1,:)=[-2.7750453467357737e-02,1.1444124243887407e-02,6.7116238827116287e-02];
t_cv(1,:)=1.4037155239621429e+09;
dt_cv(1,:)=5.0000190734863281e-02;
i_cv(1,:)=1;
Pose_cv(1,:,:)=[1.0000000000000000e+00,0.0000000000000000e+00,0.0000000000000000e+00;0.0000000000000000e+00,1.0000000000000000e+00,0.0000000000000000e+00;0.0000000000000000e+00,0.0000000000000000e+00,1.0000000000000000e+00];
Pos_cv(1,:)=[0.0000000000000000e+00,0.0000000000000000e+00,0.0000000000000000e+00];
K_cv(1,:)=1.0000000000000000e+00;
KLN_cv(1,:)=16000;
Giro_cv(1,:)=[1.9388807428926506e-02,2.4979061226313081e-03,7.8358622573781997e-02];
Acel_cv(1,:)=[5.4131522968840817e-01,-9.2734006362961630e+00,-3.1541566099846237e+00];
CAcel_cv(1,:)=[5.4388899747716091e-01,-9.2636630417260690e+00,-3.1583482213591614e+00];
DGiro_cv(1,:)=[6.5560783643181506e-02,4.3452285943711561e-02,1.4120082324548766e-01];
GBias_cv(1,:)=[-7.4318667131242172e-08,-1.8418688331585208e-07,1.3776345756807552e-06];
dWv_cv(1,:)=[1.5539598345980564e-03,2.2375646145441491e-04,3.7804292669346129e-03];
dWgv_cv(1,:)=[-1.3064971817405953e-07,-3.2379434838462576e-07,2.4218352670626326e-06];
g_cv(1,:)=[0.0000000000000000e+00,0.0000000000000000e+00,0.0000000000000000e+00];
VBias_cv(1,:)=[0.0000000000000000e+00,0.0000000000000000e+00,0.0000000000000000e+00];
Av_cv(1,:)=[-5.5500695216365181e-01,2.2888161176368962e-01,1.3423196559992048e+00];
As_cv(1,:)=[1.3770293860105212e-01,-2.3157362013180673e+00,-7.8892998370604739e-01];
Posgv_cv(1,:)=[0.0000000000000000e+00,0.0000000000000000e+00,0.0000000000000000e+00];
Kp_cv(2,:)=1.0374110747739707e+00;
RKp_cv(2,:)=8.1674177298090683e-05;
Rot_cv(2,:,:)=[9.9999226106259742e-01,-3.9337257202939476e-03,6.0140424918499350e-05;3.9337779019709409e-03,9.9999186333778944e-01,-8.9367199420940444e-04;-5.6624475067048714e-05,8.9390165721234271e-04,9.9999959886666756e-01];
Vel_cv(2,:)=[-2.5713475608038942e-02,1.2992627422201608e-02,5.0993950375957546e-02];
t_cv(2,:)=1.4037155240121431e+09;
dt_cv(2,:)=4.9999952316284180e-02;
i_cv(2,:)=2;
Pose_cv(2,:,:)=[1.0000000000000000e+00,0.0000000000000000e+00,0.0000000000000000e+00;0.0000000000000000e+00,1.0000000000000000e+00,0.0000000000000000e+00;0.0000000000000000e+00,0.0000000000000000e+00,1.0000000000000000e+00];
Pos_cv(2,:)=[0.0000000000000000e+00,0.0000000000000000e+00,0.0000000000000000e+00];
K_cv(2,:)=1.0000000000000000e+00;
KLN_cv(2,:)=16000;
Giro_cv(2,:)=[1.8495070339857572e-02,3.8754370618818783e-03,7.7003502751236727e-02];
Acel_cv(2,:)=[5.5170112853255193e-01,-9.2617926882765005e+00,-3.1514799503136506e+00];
CAcel_cv(2,:)=[5.5081175440420849e-01,-9.2629448052722694e+00,-3.1557199348241896e+00];
DGiro_cv(2,:)=[6.9879331967840491e-02,4.2822930542821221e-02,-2.6293939463229294e-02];
GBias_cv(2,:)=[-4.5094312092867081e-07,2.1760312244575144e-06,7.2443138336310750e-06];
dWv_cv(2,:)=[3.2765772317520480e-04,-3.4296792195029273e-05,2.2675123209915707e-03];
dWgv_cv(2,:)=[-1.0238548657142331e-06,6.4162609979923192e-06,1.5948587626941315e-05];
g_cv(2,:)=[0.0000000000000000e+00,0.0000000000000000e+00,0.0000000000000000e+00];
VBias_cv(2,:)=[0.0000000000000000e+00,0.0000000000000000e+00,0.0000000000000000e+00];
Av_cv(2,:)=[-2.9426512012705869e-01,1.4271827322748146e-01,6.1395725875774132e-01];
As_cv(2,:)=[2.6421741558175715e-01,-4.6357766259837678e+00,-1.5729637893160340e+00];
Posgv_cv(2,:)=[0.0000000000000000e+00,0.0000000000000000e+00,0.0000000000000000e+00];
Kp_cv(3,:)=1.0179140571424696e+00;
RKp_cv(3,:)=6.0518996031969724e-05;
Rot_cv(3,:,:)=[9.9999257942713260e-01,-3.8517068883082406e-03,7.3788323788537532e-05;3.8517654876263916e-03,9.9999225290447136e-01,-8.1119274458543093e-04;-7.0663275461278839e-05,8.1147094038951865e-04,9.9999966826075204e-01];
Vel_cv(3,:)=[-2.6656304482554339e-02,1.2436543748900759e-02,4.8970999253578736e-02];
t_cv(3,:)=1.4037155240621431e+09;
dt_cv(3,:)=5.0000190734863281e-02;
i_cv(3,:)=3;
Pose_cv(3,:,:)=[1.0000000000000000e+00,0.0000000000000000e+00,0.0000000000000000e+00;0.0000000000000000e+00,1.0000000000000000e+00,0.0000000000000000e+00;0.0000000000000000e+00,0.0000000000000000e+00,1.0000000000000000e+00];
Pos_cv(3,:)=[0.0000000000000000e+00,0.0000000000000000e+00,0.0000000000000000e+00];
K_cv(3,:)=1.0000000000000000e+00;
KLN_cv(3,:)=16000;
Giro_cv(3,:)=[1.7853246534118385e-02,1.2908578715131291e-03,7.9021935001969218e-02];
Acel_cv(3,:)=[5.4195789992431198e-01,-9.2758090790036221e+00,-3.1459560083822709e+00];
CAcel_cv(3,:)=[5.4232184721789667e-01,-9.2752494224709796e+00,-3.1444476487137396e+00];
DGiro_cv(3,:)=[5.6448494667442749e-02,-4.1046987610095106e-02,1.6096544814809865e-03];
GBias_cv(3,:)=[-2.4407289896374772e-06,2.8799102506431147e-06,1.0817607909691073e-05];
dWv_cv(3,:)=[5.8793912142601561e-04,1.6102911674686064e-05,3.0088037792178660e-03];
dWgv_cv(3,:)=[-7.2135271333513481e-06,2.5517572186204956e-06,1.2954184758498057e-05];
g_cv(3,:)=[0.0000000000000000e+00,0.0000000000000000e+00,0.0000000000000000e+00];
VBias_cv(3,:)=[0.0000000000000000e+00,0.0000000000000000e+00,0.0000000000000000e+00];
Av_cv(3,:)=[-1.8523808935784786e-01,8.9815368100454138e-02,3.3974780242702229e-01];
As_cv(3,:)=[3.8153208029857577e-01,-6.9488131528206027e+00,-2.3577165135155180e+00];
Posgv_cv(3,:)=[0.0000000000000000e+00,0.0000000000000000e+00,0.0000000000000000e+00];
Kp_cv(4,:)=1.0146424527922473e+00;
RKp_cv(4,:)=4.5761757140955568e-05;
Rot_cv(4,:,:)=[9.9999220064518979e-01,-3.9477484154896107e-03,1.1803066942886651e-04;3.9478567605253012e-03,9.9999177263644068e-01,-9.3224805097581916e-04;-1.1434941758155481e-04,9.3270674821875220e-04,9.9999955849106859e-01];
Vel_cv(4,:)=[-2.8207136701185118e-02,1.3745423145822071e-02,4.8434096748070775e-02];
t_cv(4,:)=1.4037155241121433e+09;
dt_cv(4,:)=4.9999713897705078e-02;
i_cv(4,:)=4;
Pose_cv(4,:,:)=[1.0000000000000000e+00,0.0000000000000000e+00,0.0000000000000000e+00;0.0000000000000000e+00,1.0000000000000000e+00,0.0000000000000000e+00;0.0000000000000000e+00,0.0000000000000000e+00,1.0000000000000000e+00];
Pos_cv(4,:)=[0.0000000000000000e+00,0.0000000000000000e+00,0.0000000000000000e+00];
K_cv(4,:)=1.0000000000000000e+00;
KLN_cv(4,:)=16000;
Giro_cv(4,:)=[1.6074343218353260e-02,1.5371405861182405e-03,7.7438732807569369e-02];
Acel_cv(4,:)=[5.3908859471291315e-01,-9.2505088049638395e+00,-3.1444900566783707e+00];
CAcel_cv(4,:)=[5.4024559601671229e-01,-9.2431133527851337e+00,-3.1541330021521476e+00];
DGiro_cv(4,:)=[1.0747196623616483e-01,1.1372674975796949e-01,1.0011525492465827e-01];
GBias_cv(4,:)=[-3.2760032905379044e-06,3.3128308733107784e-06,1.3186694755549227e-05];
dWv_cv(4,:)=[5.5811654332041632e-04,-1.4460514502035669e-05,2.6505100727700001e-03];
dWgv_cv(4,:)=[-3.7264624040072271e-06,1.9314163294038243e-06,1.0569357938346168e-05];
g_cv(4,:)=[0.0000000000000000e+00,0.0000000000000000e+00,0.0000000000000000e+00];
VBias_cv(4,:)=[0.0000000000000000e+00,0.0000000000000000e+00,0.0000000000000000e+00];
Av_cv(4,:)=[-1.1079418974708426e-01,5.6264424099197817e-02,1.5749191564165366e-01];
As_cv(4,:)=[4.9017367359152059e-01,-9.2656403817878505e+00,-3.1407399082776100e+00];
Posgv_cv(4,:)=[0.0000000000000000e+00,0.0000000000000000e+00,0.0000000000000000e+00];
Kp_cv(5,:)=1.0061591066582467e+00;
RKp_cv(5,:)=3.8853031295303706e-05;
Rot_cv(5,:,:)=[9.9999237142287778e-01,-3.9053963736072998e-03,7.0535194454578810e-05;3.9054577371513063e-03,9.9999197596068545e-01,-8.9185991460743162e-04;-6.7051562001131890e-05,8.9212858320621515e-04,9.9999959980525943e-01];
Vel_cv(5,:)=[-2.6512266881607925e-02,1.3897350502513627e-02,4.4712652789428202e-02];
t_cv(5,:)=1.4037155241621430e+09;
dt_cv(5,:)=5.0000190734863281e-02;
i_cv(5,:)=5;
Pose_cv(5,:,:)=[1.0000000000000000e+00,0.0000000000000000e+00,0.0000000000000000e+00;0.0000000000000000e+00,1.0000000000000000e+00,0.0000000000000000e+00;0.0000000000000000e+00,0.0000000000000000e+00,1.0000000000000000e+00];
Pos_cv(5,:)=[0.0000000000000000e+00,0.0000000000000000e+00,0.0000000000000000e+00];
K_cv(5,:)=1.0000000000000000e+00;
KLN_cv(5,:)=16000;
Giro_cv(5,:)=[1.8525467189860444e-02,2.4194958331635887e-03,7.9384210494563068e-02];
Acel_cv(5,:)=[5.4356417950378788e-01,-9.2513200243345555e+00,-3.1590865811127768e+00];
CAcel_cv(5,:)=[5.4323153787943035e-01,-9.2527165944454559e+00,-3.1581899428805960e+00];
DGiro_cv(5,:)=[4.3004238520596427e-02,-2.7399890399488050e-02,-2.6723005285908499e-02];
GBias_cv(5,:)=[-5.0971535520722656e-06,3.1452587773585483e-06,1.5320479830133291e-05];
dWv_cv(5,:)=[3.4164657119627455e-04,-1.3912843439361605e-04,2.2838317093399063e-03];
dWgv_cv(5,:)=[-9.4985489799547786e-06,-8.7400353210553027e-07,1.1129154178940210e-05];
g_cv(5,:)=[0.0000000000000000e+00,0.0000000000000000e+00,0.0000000000000000e+00];
VBias_cv(5,:)=[0.0000000000000000e+00,0.0000000000000000e+00,0.0000000000000000e+00];
Av_cv(5,:)=[-8.6835690811947863e-04,8.0779179940214871e-03,-9.4478503015136425e-02];
As_cv(5,:)=[4.8735088688242900e-01,-9.2624985834803955e+00,-3.1358392705501958e+00];
Posgv_cv(5,:)=[0.0000000000000000e+00,0.0000000000000000e+00,0.0000000000000000e+00];
Kp_cv(6,:)=9.9929499721403126e-01;
RKp_cv(6,:)=3.5061759111174055e-05;
Rot_cv(6,:,:)=[9.9999259059214896e-01,-3.8478149422417791e-03,1.1437208250402211e-04;3.8479169365188263e-03,9.9999218690730862e-01,-9.0535053329460983e-04;-1.1088756759436270e-04,9.0578391945659231e-04,9.9999958362963282e-01];
Vel_cv(6,:)=[-2.6294931937231900e-02,1.4483399130561779e-02,4.3186066678882959e-02];
t_cv(6,:)=1.4037155242121432e+09;
dt_cv(6,:)=4.9999952316284180e-02;
i_cv(6,:)=6;
Pose_cv(6,:,:)=[1.0000000000000000e+00,0.0000000000000000e+00,0.0000000000000000e+00;0.0000000000000000e+00,1.0000000000000000e+00,0.0000000000000000e+00;0.0000000000000000e+00,0.0000000000000000e+00,1.0000000000000000e+00];
Pos_cv(6,:)=[0.0000000000000000e+00,0.0000000000000000e+00,0.0000000000000000e+00];
K_cv(6,:)=1.0000000000000000e+00;
KLN_cv(6,:)=16000;
Giro_cv(6,:)=[1.7582838242636682e-02,1.4247145633842356e-03,7.8595438870605577e-02];
Acel_cv(6,:)=[5.3659099475006011e-01,-9.2586921777024571e+00,-3.1379837185307276e+00];
CAcel_cv(6,:)=[5.3942139688642798e-01,-9.2503781769812097e+00,-3.1364375021121735e+00];
DGiro_cv(6,:)=[1.1132665093842899e-02,-2.7240944726347725e-02,1.2609574746307337e-01];
GBias_cv(6,:)=[-6.2148552257698455e-06,3.2926111496558353e-06,1.7174361835061989e-05];
dWv_cv(6,:)=[5.4983608274477983e-04,-5.4970609062194685e-05,2.6209339902260867e-03];
dWgv_cv(6,:)=[-6.5754456707273510e-06,8.6687489273256829e-07,1.0906398988399535e-05];
g_cv(6,:)=[0.0000000000000000e+00,0.0000000000000000e+00,0.0000000000000000e+00];
VBias_cv(6,:)=[0.0000000000000000e+00,0.0000000000000000e+00,0.0000000000000000e+00];
Av_cv(6,:)=[-2.9582489644929696e-03,5.9641576328020030e-03,-3.9468459709484906e-02];
As_cv(6,:)=[4.8468745540268121e-01,-9.2664269042464262e+00,-3.1368666237864584e+00];
Posgv_cv(6,:)=[0.0000000000000000e+00,0.0000000000000000e+00,0.0000000000000000e+00];
Kp_cv(7,:)=1.0053416709153655e+00;
RKp_cv(7,:)=3.2704602322110059e-05;
Rot_cv(7,:,:)=[9.9999280981484240e-01,-3.7897392259767359e-03,1.3488964269084059e-04;3.7898584529909730e-03,9.9999241804722505e-01,-8.9488600957520457e-04;-1.3149723535067493e-04,8.9539078783167341e-04,9.9999959049182308e-01];
Vel_cv(7,:)=[-2.5749944075917179e-02,1.4028199978827451e-02,4.1409941184985616e-02];
t_cv(7,:)=1.4037155242621431e+09;
dt_cv(7,:)=4.9999952316284180e-02;
i_cv(7,:)=7;
Pose_cv(7,:,:)=[1.0000000000000000e+00,0.0000000000000000e+00,0.0000000000000000e+00;0.0000000000000000e+00,1.0000000000000000e+00,0.0000000000000000e+00;0.0000000000000000e+00,0.0000000000000000e+00,1.0000000000000000e+00];
Pos_cv(7,:)=[0.0000000000000000e+00,0.0000000000000000e+00,0.0000000000000000e+00];
K_cv(7,:)=1.0000000000000000e+00;
KLN_cv(7,:)=16000;
Giro_cv(7,:)=[1.7877266066833687e-02,2.3321616414139464e-03,7.7482230637197058e-02];
Acel_cv(7,:)=[5.3075514207216945e-01,-9.2874292585418310e+00,-3.1486536833200578e+00];
CAcel_cv(7,:)=[5.2961226442975018e-01,-9.2907874976272264e+00,-3.1492750438437636e+00];
DGiro_cv(7,:)=[2.9352420237369305e-02,2.0817831071237602e-04,-5.5113474502230211e-02];
GBias_cv(7,:)=[-7.4349508405418855e-06,3.3935414640554619e-06,1.8853102245885621e-05];
dWv_cv(7,:)=[3.7628553112049678e-04,-3.8655624404715610e-05,2.2349199461546652e-03];
dWgv_cv(7,:)=[-7.8856930428537013e-06,6.5233041446745820e-07,1.0849995211942989e-05];
g_cv(7,:)=[0.0000000000000000e+00,0.0000000000000000e+00,0.0000000000000000e+00];
VBias_cv(7,:)=[0.0000000000000000e+00,0.0000000000000000e+00,0.0000000000000000e+00];
Av_cv(7,:)=[6.5520182010909908e-03,4.8528025870181587e-03,-4.0450027194732903e-02];
As_cv(7,:)=[4.8449900428986586e-01,-9.2681548077279903e+00,-3.1359053656324711e+00];
Posgv_cv(7,:)=[0.0000000000000000e+00,0.0000000000000000e+00,0.0000000000000000e+00];
Kp_cv(8,:)=1.0033454278107152e+00;
RKp_cv(8,:)=3.1288147141729047e-05;
Rot_cv(8,:,:)=[9.9999237630017790e-01,-3.9003492982844137e-03,1.8605610682221574e-04;3.9005101252836388e-03,9.9999201277369665e-01,-8.7201466351197350e-04;-1.8265345896906280e-04,8.7273372926246963e-04,9.9999960248669661e-01];
Vel_cv(8,:)=[-2.6347638255229372e-02,1.4892676317226216e-02,4.1955324808863319e-02];
t_cv(8,:)=1.4037155243121431e+09;
dt_cv(8,:)=4.9999952316284180e-02;
i_cv(8,:)=8;
Pose_cv(8,:,:)=[1.0000000000000000e+00,0.0000000000000000e+00,0.0000000000000000e+00;0.0000000000000000e+00,1.0000000000000000e+00,0.0000000000000000e+00;0.0000000000000000e+00,0.0000000000000000e+00,1.0000000000000000e+00];
Pos_cv(8,:)=[0.0000000000000000e+00,0.0000000000000000e+00,0.0000000000000000e+00];
K_cv(8,:)=1.0000000000000000e+00;
KLN_cv(8,:)=16000;
Giro_cv(8,:)=[1.7620700483958578e-02,2.7426154487362998e-03,7.6356683473170830e-02];
Acel_cv(8,:)=[5.3520033724506966e-01,-9.2538599441106371e+00,-3.1503002038728587e+00];
CAcel_cv(8,:)=[5.3634896638579532e-01,-9.2503658726402964e+00,-3.1499814614216723e+00];
DGiro_cv(8,:)=[-1.5395968172794466e-02,8.0341145886651043e-07,5.5472531035901072e-02];
GBias_cv(8,:)=[-8.6771412973549353e-06,3.6796973513003900e-06,2.0712880574138479e-05];
dWv_cv(8,:)=[5.0082932802480301e-04,2.2964954852520557e-05,2.6707952462019791e-03];
dWgv_cv(8,:)=[-8.6456445430994986e-06,1.9916447364940965e-06,1.2944055613086991e-05];
g_cv(8,:)=[0.0000000000000000e+00,0.0000000000000000e+00,0.0000000000000000e+00];
VBias_cv(8,:)=[0.0000000000000000e+00,0.0000000000000000e+00,0.0000000000000000e+00];
Av_cv(8,:)=[7.9988841996567559e-03,1.8479068185790885e-03,-3.2200037975742841e-02];
As_cv(8,:)=[4.8066081830049262e-01,-9.2692037505979670e+00,-3.1350490655865082e+00];
Posgv_cv(8,:)=[0.0000000000000000e+00,0.0000000000000000e+00,0.0000000000000000e+00];
Kp_cv(9,:)=1.0103809259028069e+00;
RKp_cv(9,:)=3.1039415317735422e-05;
Rot_cv(9,:,:)=[9.9999251459395011e-01,-3.8683296471300993e-03,8.2351746207576929e-05;3.8684013458679910e-03,9.9999212249805136e-01,-8.8905166868712149e-04;-7.8911952553722834e-05,8.8936358338024602e-04,9.9999960140258071e-01];
Vel_cv(9,:)=[-2.4508528359705205e-02,1.4828525205175741e-02,3.9371972394628467e-02];
t_cv(9,:)=1.4037155243621430e+09;
dt_cv(9,:)=5.0000190734863281e-02;
i_cv(9,:)=9;
Pose_cv(9,:,:)=[1.0000000000000000e+00,0.0000000000000000e+00,0.0000000000000000e+00;0.0000000000000000e+00,1.0000000000000000e+00,0.0000000000000000e+00;0.0000000000000000e+00,0.0000000000000000e+00,1.0000000000000000e+00];
Pos_cv(9,:)=[0.0000000000000000e+00,0.0000000000000000e+00,0.0000000000000000e+00];
K_cv(9,:)=1.0000000000000000e+00;
KLN_cv(9,:)=16000;
Giro_cv(9,:)=[1.7127059722989457e-02,3.7920724948981360e-03,7.8644629052673054e-02];
Acel_cv(9,:)=[5.2865733559928574e-01,-9.2604794362949185e+00,-3.1463565398504221e+00];
CAcel_cv(9,:)=[5.2872955689957313e-01,-9.2571975397876258e+00,-3.1542086630564823e+00];
DGiro_cv(9,:)=[1.5176340397430732e-01,7.2208549008665510e-02,3.1576368410503396e-02];
GBias_cv(9,:)=[-9.7362196941269327e-06,3.3039551617670484e-06,2.2412921539531416e-05];
dWv_cv(9,:)=[3.9530422050019793e-04,-1.4753409093629999e-04,2.3115911844526853e-03];
dWgv_cv(9,:)=[-7.8159581394739133e-06,-2.7729630153707262e-06,1.2546237428127414e-05];
g_cv(9,:)=[0.0000000000000000e+00,0.0000000000000000e+00,0.0000000000000000e+00];
VBias_cv(9,:)=[0.0000000000000000e+00,0.0000000000000000e+00,0.0000000000000000e+00];
Av_cv(9,:)=[6.9306161271644219e-03,1.7214815985539431e-03,-2.3500094741143531e-02];
As_cv(9,:)=[4.7750929270038445e-01,-9.2685025404839330e+00,-3.1357302671795364e+00];
Posgv_cv(9,:)=[0.0000000000000000e+00,0.0000000000000000e+00,0.0000000000000000e+00];
Kp_cv(10,:)=1.0087076139615132e+00;
RKp_cv(10,:)=3.0174203635230222e-05;
Rot_cv(10,:,:)=[9.9999268248633966e-01,-3.8220590244676150e-03,1.6382487091381602e-04;3.8222103842884287e-03,9.9999225935387981e-01,-9.3377732953385691e-04;-1.6025465073427644e-04,9.3439666972830416e-04,9.9999955061055412e-01];
Vel_cv(10,:)=[-2.4841842913786404e-02,1.5632811327607497e-02,3.9725342365809845e-02];
t_cv(10,:)=1.4037155244121432e+09;
dt_cv(10,:)=4.9999713897705078e-02;
i_cv(10,:)=10;
Pose_cv(10,:,:)=[1.0000000000000000e+00,0.0000000000000000e+00,0.0000000000000000e+00;0.0000000000000000e+00,1.0000000000000000e+00,0.0000000000000000e+00;0.0000000000000000e+00,0.0000000000000000e+00,1.0000000000000000e+00];
Pos_cv(10,:)=[0.0000000000000000e+00,0.0000000000000000e+00,0.0000000000000000e+00];
K_cv(10,:)=1.0000000000000000e+00;
KLN_cv(10,:)=16000;
Giro_cv(10,:)=[1.7454555451199123e-02,1.6299414670454125e-03,7.8032665288592484e-02];
Acel_cv(10,:)=[5.2749297632305203e-01,-9.2498414352492215e+00,-3.1390690489429538e+00];
CAcel_cv(10,:)=[5.2820106823760693e-01,-9.2476135438357865e+00,-3.1390625636516423e+00];
DGiro_cv(10,:)=[4.1357160275995779e-02,-1.3229133766264571e-02,2.9050772834731495e-02];
GBias_cv(10,:)=[-1.0552132109390279e-05,2.9165939260361466e-06,2.4036028128529764e-05];
dWv_cv(10,:)=[4.7369752834623403e-04,-9.1513643304733854e-05,2.4560171908544356e-03];
dWgv_cv(10,:)=[-6.3078819976101805e-06,-2.9947196779084920e-06,1.2548362595561904e-05];
g_cv(10,:)=[0.0000000000000000e+00,0.0000000000000000e+00,0.0000000000000000e+00];
VBias_cv(10,:)=[0.0000000000000000e+00,0.0000000000000000e+00,0.0000000000000000e+00];
Av_cv(10,:)=[7.2902161518543845e-03,3.4092673872914586e-03,-1.7585164413828555e-02];
As_cv(10,:)=[4.7778014465996177e-01,-9.2675151960321092e+00,-3.1321137675783017e+00];
Posgv_cv(10,:)=[0.0000000000000000e+00,0.0000000000000000e+00,0.0000000000000000e+00];
Kp_cv(11,:)=1.0069770434815535e+00;
RKp_cv(11,:)=2.9384239146563550e-05;
Rot_cv(11,:,:)=[9.9999225529294145e-01,-3.9338462558149555e-03,1.1919635747284377e-04;3.9339536271001249e-03,9.9999184394204432e-01,-9.1436220963709192e-04;-1.1559842494560454e-04,9.1482404111245031e-04,9.9999957486689872e-01];
Vel_cv(11,:)=[-2.3416609852035513e-02,1.5750833295784413e-02,3.7441395333417726e-02];
t_cv(11,:)=1.4037155244621429e+09;
dt_cv(11,:)=5.0000190734863281e-02;
i_cv(11,:)=11;
Pose_cv(11,:,:)=[1.0000000000000000e+00,0.0000000000000000e+00,0.0000000000000000e+00;0.0000000000000000e+00,1.0000000000000000e+00,0.0000000000000000e+00;0.0000000000000000e+00,0.0000000000000000e+00,1.0000000000000000e+00];
Pos_cv(11,:)=[0.0000000000000000e+00,0.0000000000000000e+00,0.0000000000000000e+00];
K_cv(11,:)=1.0000000000000000e+00;
KLN_cv(11,:)=16000;
Giro_cv(11,:)=[1.8361247325257561e-02,3.2456279908555825e-03,7.7142092579840393e-02];
Acel_cv(11,:)=[5.2808501600659496e-01,-9.2882493106348889e+00,-3.1397269662860374e+00];
CAcel_cv(11,:)=[5.2911679472658990e-01,-9.2864125893834366e+00,-3.1360937948185592e+00];
DGiro_cv(11,:)=[1.1049049141479302e-04,-5.5738993431558380e-02,2.8147031580516138e-02];
GBias_cv(11,:)=[-1.1273595813685097e-05,2.5126030867498197e-06,2.5789287754851339e-05];
dWv_cv(11,:)=[5.1537461836085501e-04,-2.2446478039974110e-05,2.6397934184421868e-03];
dWgv_cv(11,:)=[-5.7875434126998377e-06,-3.2407929973248099e-06,1.4064555348613253e-05];
g_cv(11,:)=[0.0000000000000000e+00,0.0000000000000000e+00,0.0000000000000000e+00];
VBias_cv(11,:)=[0.0000000000000000e+00,0.0000000000000000e+00,0.0000000000000000e+00];
Av_cv(11,:)=[1.1340202308610894e-02,5.6079160095988375e-03,-2.0004642513954785e-02];
As_cv(11,:)=[4.7809161741117973e-01,-9.2723077370213662e+00,-3.1323794826123610e+00];
Posgv_cv(11,:)=[0.0000000000000000e+00,0.0000000000000000e+00,0.0000000000000000e+00];
Kp_cv(12,:)=1.0000314377405053e+00;
RKp_cv(12,:)=2.8600972492630248e-05;
Rot_cv(12,:,:)=[9.9999999853931731e-01,1.0789744918341442e-05,5.2961757090464712e-05;-1.0788249289869311e-05,9.9999999954305852e-01,-2.8239986405039293e-05;-5.2962061768518013e-05,2.8239414999151355e-05,9.9999999819877772e-01];
Vel_cv(12,:)=[-4.1021771762740910e-04,2.5488957077322150e-04,5.5210459111563971e-04];
t_cv(12,:)=1.4037155245121431e+09;
dt_cv(12,:)=4.9999952316284180e-02;
i_cv(12,:)=12;
Pose_cv(12,:,:)=[1.0000000000000000e+00,0.0000000000000000e+00,0.0000000000000000e+00;0.0000000000000000e+00,1.0000000000000000e+00,0.0000000000000000e+00;0.0000000000000000e+00,0.0000000000000000e+00,1.0000000000000000e+00];
Pos_cv(12,:)=[0.0000000000000000e+00,0.0000000000000000e+00,0.0000000000000000e+00];
K_cv(12,:)=1.0000000000000000e+00;
KLN_cv(12,:)=16000;
Giro_cv(12,:)=[1.7966447523572369e-02,2.3415939383000873e-03,7.9439926764848276e-02];
Acel_cv(12,:)=[5.3884035580156497e-01,-9.2718030837985950e+00,-3.1542264228586583e+00];
CAcel_cv(12,:)=[5.3994297295583971e-01,-9.2693956714078247e+00,-3.1514867358273171e+00];
DGiro_cv(12,:)=[-1.2704758468939292e-01,-1.6710503659110689e-03,5.2600078766534421e-02];
GBias_cv(12,:)=[8.8720321880772653e-04,1.1964357691481385e-04,3.9063924995903576e-03];
dWv_cv(12,:)=[3.6681861040600273e-05,1.2914783021375297e-05,3.8349171724161009e-05];
dWgv_cv(12,:)=[3.2218417072232614e-06,8.5851097013021194e-07,-3.2844946376163558e-07];
g_cv(12,:)=[0.0000000000000000e+00,0.0000000000000000e+00,0.0000000000000000e+00];
VBias_cv(12,:)=[0.0000000000000000e+00,0.0000000000000000e+00,0.0000000000000000e+00];
Av_cv(12,:)=[1.0509132521970896e-01,-5.8915679754482628e-02,-1.6919449248329735e-01];
As_cv(12,:)=[5.0803381481622445e-01,-9.2695190300732691e+00,-3.1399784790267709e+00];
Posgv_cv(12,:)=[0.0000000000000000e+00,0.0000000000000000e+00,0.0000000000000000e+00];
Kp_cv(13,:)=9.9999695226098828e-01;
RKp_cv(13,:)=3.3135977038888407e-05;
Rot_cv(13,:,:)=[9.9999999986603927e-01,1.6189484786792832e-05,2.4128717662683456e-06;-1.6189498316786889e-05,9.9999999985322785e-01,5.6075101172384163e-06;-2.4127809832016389e-06,-5.6075491796686384e-06,9.9999999998136702e-01];
Vel_cv(13,:)=[-9.7210037175924705e-05,9.3157306876291742e-05,-4.3642825611611256e-05];
t_cv(13,:)=1.4037155245621431e+09;
dt_cv(13,:)=5.0000190734863281e-02;
i_cv(13,:)=13;
Pose_cv(13,:,:)=[1.0000000000000000e+00,0.0000000000000000e+00,0.0000000000000000e+00;0.0000000000000000e+00,1.0000000000000000e+00,0.0000000000000000e+00;0.0000000000000000e+00,0.0000000000000000e+00,1.0000000000000000e+00];
Pos_cv(13,:)=[0.0000000000000000e+00,0.0000000000000000e+00,0.0000000000000000e+00];
K_cv(13,:)=1.0000000000000000e+00;
KLN_cv(13,:)=16000;
Giro_cv(13,:)=[1.8338340546754484e-02,3.4579271086527205e-03,7.7908909766161591e-02];
Acel_cv(13,:)=[5.3969532277320764e-01,-9.2644582279882943e+00,-3.1599544644306166e+00];
CAcel_cv(13,:)=[5.4113829857199769e-01,-9.2599208481691857e+00,-3.1599343089572827e+00];
DGiro_cv(13,:)=[-1.7993951352745425e-03,2.6223141703763758e-04,6.9789484461965284e-02];
GBias_cv(13,:)=[8.8897471649763407e-04,1.2020427864072200e-04,3.9055313922632937e-03];
dWv_cv(13,:)=[3.6030813198103581e-05,1.4244688999393268e-05,-4.6686338279193936e-05];
dWgv_cv(13,:)=[4.8158225285842597e-06,1.5242695594965629e-06,-2.3409232136337371e-06];
g_cv(13,:)=[0.0000000000000000e+00,0.0000000000000000e+00,0.0000000000000000e+00];
VBias_cv(13,:)=[0.0000000000000000e+00,0.0000000000000000e+00,0.0000000000000000e+00];
Av_cv(13,:)=[1.4598972093556287e-01,-9.1016339380531316e-02,-2.3582613350399953e-01];
As_cv(13,:)=[5.2730755002476493e-01,-9.2792483705546296e+00,-3.1541346777234445e+00];
Posgv_cv(13,:)=[0.0000000000000000e+00,0.0000000000000000e+00,0.0000000000000000e+00];
Kp_cv(14,:)=1.0000288337547365e+00;
RKp_cv(14,:)=3.8436632754273066e-05;
Rot_cv(14,:,:)=[9.9999999779134263e-01,-6.5367490313663219e-05,-1.2016925838566042e-05;6.5367256630688189e-05,9.9999999767449688e-01,-1.9445516837124921e-05;1.2018196915247826e-05,1.9444731280700439e-05,9.9999999973873255e-01];
Vel_cv(14,:)=[1.4387734403080853e-04,1.2648106729376917e-04,-1.9011314618786241e-04];
t_cv(14,:)=1.4037155246121433e+09;
dt_cv(14,:)=4.9999713897705078e-02;
i_cv(14,:)=14;
Pose_cv(14,:,:)=[1.0000000000000000e+00,0.0000000000000000e+00,0.0000000000000000e+00;0.0000000000000000e+00,1.0000000000000000e+00,0.0000000000000000e+00;0.0000000000000000e+00,0.0000000000000000e+00,1.0000000000000000e+00];
Pos_cv(14,:)=[0.0000000000000000e+00,0.0000000000000000e+00,0.0000000000000000e+00];
K_cv(14,:)=1.0000000000000000e+00;
KLN_cv(14,:)=16000;
Giro_cv(14,:)=[1.7728428344482256e-02,2.4707304646708343e-03,7.7757219914850795e-02];
Acel_cv(14,:)=[5.3481809143076919e-01,-9.2956497960658275e+00,-3.1746779812053192e+00];
CAcel_cv(14,:)=[5.3420005796726477e-01,-9.2963019342526145e+00,-3.1780060804036334e+00];
DGiro_cv(14,:)=[2.7650096747060992e-02,4.2248431659715022e-02,-1.3413212171848841e-02];
GBias_cv(14,:)=[8.8913029401119594e-04,1.1979355074034047e-04,3.9059184561146044e-03];
dWv_cv(14,:)=[1.1191903387974756e-05,-1.2378980254184433e-05,5.0122941752283753e-05];
dWgv_cv(14,:)=[5.6401175275517305e-07,-1.4890028622774673e-06,1.4032141034261795e-06];
g_cv(14,:)=[0.0000000000000000e+00,0.0000000000000000e+00,0.0000000000000000e+00];
VBias_cv(14,:)=[0.0000000000000000e+00,0.0000000000000000e+00,0.0000000000000000e+00];
Av_cv(14,:)=[1.4635975443128674e-01,-9.3891823102631639e-02,-2.3455243476404677e-01];
As_cv(14,:)=[5.3570473867973489e-01,-9.2762397225282598e+00,-3.1613830257358146e+00];
Posgv_cv(14,:)=[0.0000000000000000e+00,0.0000000000000000e+00,0.0000000000000000e+00];
Kp_cv(15,:)=1.0000317515270261e+00;
RKp_cv(15,:)=4.1923152339368061e-05;
Rot_cv(15,:,:)=[9.9999999937433148e-01,2.9184133898605383e-05,1.9990591399307232e-05;-2.9184828267467521e-05,9.9999999897084946e-01,3.4735372551892871e-05;-1.9989577656947871e-05,-3.4735955952134141e-05,9.9999999919691540e-01];
Vel_cv(15,:)=[-1.2683958750249618e-04,-2.5145437235240290e-05,2.7145635481339996e-04];
t_cv(15,:)=1.4037155246621430e+09;
dt_cv(15,:)=5.0000190734863281e-02;
i_cv(15,:)=15;
Pose_cv(15,:,:)=[1.0000000000000000e+00,0.0000000000000000e+00,0.0000000000000000e+00;0.0000000000000000e+00,1.0000000000000000e+00,0.0000000000000000e+00;0.0000000000000000e+00,0.0000000000000000e+00,1.0000000000000000e+00];
Pos_cv(15,:)=[0.0000000000000000e+00,0.0000000000000000e+00,0.0000000000000000e+00];
K_cv(15,:)=1.0000000000000000e+00;
KLN_cv(15,:)=14538;
Giro_cv(15,:)=[1.8178907736302315e-02,2.1353140919148752e-03,7.9446179754578961e-02];
Acel_cv(15,:)=[5.3076816777954783e-01,-9.2727548010521765e+00,-3.1577009662800579e+00];
CAcel_cv(15,:)=[5.2888844073104180e-01,-9.2790200934757383e+00,-3.1568157217324786e+00];
DGiro_cv(15,:)=[-8.1787000361500592e-02,1.2392403466120746e-02,-8.5959530005316045e-02];
GBias_cv(15,:)=[8.8925661479192402e-04,1.1992323933371776e-04,3.9058733682800178e-03];
dWv_cv(15,:)=[6.8128675619916697e-06,1.0912172669069787e-05,-3.8628041363792847e-07];
dWgv_cv(15,:)=[5.6356293940854582e-07,5.7858797634270060e-07,-2.0115322629122541e-07];
g_cv(15,:)=[0.0000000000000000e+00,0.0000000000000000e+00,0.0000000000000000e+00];
VBias_cv(15,:)=[0.0000000000000000e+00,0.0000000000000000e+00,0.0000000000000000e+00];
Av_cv(15,:)=[9.4276178791970464e-02,-6.3362666166662737e-02,-1.5015778239229982e-01];
As_cv(15,:)=[5.3273826338267294e-01,-9.2797330380504146e+00,-3.1586084041151592e+00];
Posgv_cv(15,:)=[0.0000000000000000e+00,0.0000000000000000e+00,0.0000000000000000e+00];
Kp_cv(16,:)=1.0000386147139195e+00;
RKp_cv(16,:)=4.3788303615211872e-05;
Rot_cv(16,:,:)=[9.9999999967435171e-01,-3.5193375883464707e-06,2.5276678570871476e-05;3.5187025099934637e-06,9.9999999967817488e-01,2.5125071888636534e-05;-2.5276766986337146e-05,-2.5124982939341197e-05,9.9999999936491013e-01];
Vel_cv(16,:)=[-5.2218994820672543e-04,-1.1479986152674199e-04,3.0748070238726646e-04];
t_cv(16,:)=1.4037155247121432e+09;
dt_cv(16,:)=4.9999952316284180e-02;
i_cv(16,:)=16;
Pose_cv(16,:,:)=[9.9711075933540572e-01,-7.5879676685037173e-02,-3.5225393885936038e-03;7.5961391322997951e-02,9.9602250246744739e-01,4.6572970774454783e-02;-2.5413467760137870e-05,-4.6705987246369894e-02,9.9890867956460228e-01];
Pos_cv(16,:)=[-2.5652643150142533e-05,-6.9844548693042037e-06,1.5625997795701949e-05];
K_cv(16,:)=1.1240517565369670e+00;
KLN_cv(16,:)=13121;
Giro_cv(16,:)=[1.7100597134413083e-02,2.8095638799582974e-03,7.7530248681530217e-02];
Acel_cv(16,:)=[5.3027479445169412e-01,-9.2734982533296577e+00,-3.1380909370029015e+00];
CAcel_cv(16,:)=[5.2685569899919749e-01,-9.2838988707484429e+00,-3.1390399794657506e+00];
DGiro_cv(16,:)=[-3.8325811168882687e-02,2.6718088715190193e-02,-1.5472965431520122e-01];
GBias_cv(16,:)=[8.8866798827631798e-04,1.2039250732631889e-04,3.9056211120838762e-03];
dWv_cv(16,:)=[-3.6054362321527914e-05,3.1578726329999029e-05,-4.6770876378823082e-05];
dWgv_cv(16,:)=[-3.0700914183068703e-06,2.4475547716153330e-06,-1.3156892570349438e-06];
g_cv(16,:)=[6.7061624224465799e-01,8.7932679504991249e+00,4.1116401512618445e-01];
VBias_cv(16,:)=[-4.4299662562388646e-15,-1.6603979651563700e-19,7.2289092591829676e-15];
Av_cv(16,:)=[-2.7660013692058051e-04,-1.6646470537194872e-03,-4.8402985810099420e-04];
As_cv(16,:)=[5.3115166196838548e-01,-9.2813341467494457e+00,-3.1542675996583354e+00];
Posgv_cv(16,:)=[-2.5652643149858729e-05,-6.9844548688713309e-06,1.5625997794824385e-05];
Kp_cv(17,:)=1.0000463610787003e+00;
RKp_cv(17,:)=4.6429765224844440e-05;
Rot_cv(17,:,:)=[9.9999993704600065e-01,1.4367430518356101e-04,-3.2444674337634111e-04;-1.4368848836344181e-04,9.9999998872231000e-01,-4.3692084202054699e-05;3.2444046228748011e-04,4.3738700713571687e-05,9.9999994641265466e-01];
Vel_cv(17,:)=[-3.1640533163419392e-04,-1.6854867010673059e-05,-8.0445632595710847e-05];
t_cv(17,:)=1.4037155247621431e+09;
dt_cv(17,:)=4.9999952316284180e-02;
i_cv(17,:)=17;
Pose_cv(17,:,:)=[9.9702194502027930e-01,-7.7019509073784742e-02,-3.9033793067850290e-03;7.7117914655723291e-02,9.9590989213913161e-01,4.7077743983497011e-02;2.6150933448806099e-04,-4.7238564345842511e-02,9.9888360165307144e-01];
Pos_cv(17,:)=[-4.1345218889000192e-05,-9.2332690352190442e-06,1.1643958234693057e-05];
K_cv(17,:)=1.2077578356054770e+00;
KLN_cv(17,:)=12573;
Giro_cv(17,:)=[1.7221891477315187e-02,2.9536234947364487e-03,7.8161366511690492e-02];
Acel_cv(17,:)=[5.3436721907348217e-01,-9.2669154557010120e+00,-3.1420976468257797e+00];
CAcel_cv(17,:)=[5.3449812066852098e-01,-9.2665025162152208e+00,-3.1420992237238017e+00];
DGiro_cv(17,:)=[4.2076918330105600e-02,-1.3334026333079637e-02,1.1349790499451070e-03];
GBias_cv(17,:)=[8.8907738368034482e-04,1.2095573538587390e-04,3.9048122578304255e-03];
dWv_cv(17,:)=[2.3279291549342721e-05,3.8340862639558217e-05,-2.2774053774113297e-04];
dWgv_cv(17,:)=[2.4084756249118598e-06,3.3134740628787919e-06,-4.7584944393129356e-06];
g_cv(17,:)=[6.8132433500277567e-01,8.7987032327516701e+00,4.1592427331807491e-01];
VBias_cv(17,:)=[-4.9757669534981180e-10,3.8409438054574978e-11,2.5433751068790121e-12];
Av_cv(17,:)=[-1.8755026491991721e-03,-8.8579864472123628e-04,8.3573825592629485e-04];
As_cv(17,:)=[4.9567184825406996e-01,-9.2901979158503938e+00,-3.1223257464888414e+00];
Posgv_cv(17,:)=[-4.1345172972304263e-05,-9.2331350765673134e-06,1.1643883269851194e-05];
Kp_cv(18,:)=1.0001282599295633e+00;
RKp_cv(18,:)=4.7216188090569680e-05;
Rot_cv(18,:,:)=[9.9999996181826745e-01,-2.2626324120471886e-04,-1.5864554746064529e-04;2.2625977819037347e-04,9.9999997416462727e-01,-2.1846233913597687e-05;1.5865048636165785e-04,2.1810337973089690e-05,9.9999998717716609e-01];
Vel_cv(18,:)=[5.7077845048272846e-04,7.2426234330588463e-05,-9.2185414645815816e-04];
t_cv(18,:)=1.4037155248121431e+09;
dt_cv(18,:)=4.9999952316284180e-02;
i_cv(18,:)=18;
Pose_cv(18,:,:)=[9.9707314152697779e-01,-7.6347947873860553e-02,-4.0176237969587201e-03;7.6452423975740688e-02,9.9596981643786775e-01,4.6895112889871075e-02;4.2108640111870291e-04,-4.7065014609266140e-02,9.9889173942228227e-01];
Pos_cv(18,:)=[-1.2981314037458594e-05,-5.6067750651977016e-06,-3.4555775406668233e-05];
K_cv(18,:)=1.2879423328041328e+00;
KLN_cv(18,:)=12277;
Giro_cv(18,:)=[1.8660926615343326e-02,-4.0195920730803471e-03,7.5151849011889080e-02];
Acel_cv(18,:)=[3.9321902606026460e-01,-9.2902552326534416e+00,-3.1399267110202405e+00];
CAcel_cv(18,:)=[3.9108106452312935e-01,-9.3314657785559199e+00,-3.0512969640603655e+00];
DGiro_cv(18,:)=[3.6895524609878792e-02,-1.3705877359968954e+00,-6.3639793105469689e-01];
GBias_cv(18,:)=[8.8888524170784814e-04,1.2074085490437414e-04,3.9050933547527893e-03];
dWv_cv(18,:)=[-1.1325551294706870e-05,-2.2278725767979192e-05,7.5901183048809309e-05];
dWgv_cv(18,:)=[-1.2418474399977355e-06,-1.3888104321432575e-06,1.8167789624145852e-06];
g_cv(18,:)=[6.7503474064599567e-01,8.7938902623114981e+00,4.1405921121904010e-01];
VBias_cv(18,:)=[-1.5266796287240679e-09,1.5675925405360979e-10,-8.2694543100185514e-10];
Av_cv(18,:)=[9.2692788385187008e-04,-2.5850008460586972e-04,-2.7784801977952839e-03];
As_cv(18,:)=[5.0784198745040521e-01,-9.2676608786350307e+00,-3.1141253778947613e+00];
Posgv_cv(18,:)=[-1.2981103445840767e-05,-5.6060742787106899e-06,-3.4556116999480429e-05];
Kp_cv(19,:)=1.0002939048472612e+00;
RKp_cv(19,:)=4.7506761921572542e-05;
Rot_cv(19,:,:)=[9.9999999866842193e-01,-2.4105564792222631e-05,4.5629789556736634e-05;2.4117534987533755e-05,9.9999996529526969e-01,-2.6235053660989151e-04;-4.5623463865318254e-05,2.6235163673859617e-04,9.9999996454505857e-01];
Vel_cv(19,:)=[1.6100811778732593e-03,-7.8202714180315258e-04,-1.5070539757429304e-03];
t_cv(19,:)=1.4037155248621430e+09;
dt_cv(19,:)=5.0000190734863281e-02;
i_cv(19,:)=19;
Pose_cv(19,:,:)=[9.9718754687255484e-01,-7.4846062692521600e-02,-3.8811418066783347e-03;7.4945547503509652e-02,9.9611274143881046e-01,4.6287916918523540e-02;4.0158647337300984e-04,-4.6448608619463379e-02,9.9892060019083584e-01];
Pos_cv(19,:)=[7.0515296078612865e-05,-4.2012171409516481e-05,-1.0797832854007022e-04];
K_cv(19,:)=1.3654871544686953e+00;
KLN_cv(19,:)=12236;
Giro_cv(19,:)=[1.8139723608772178e-02,-7.8442727390772222e-04,8.2668636019791714e-02];
Acel_cv(19,:)=[5.7663371946287834e-01,-9.2155656213088228e+00,-3.1305733505233357e+00];
CAcel_cv(19,:)=[5.8604808126707186e-01,-9.1881997298166809e+00,-3.1246905810214645e+00];
DGiro_cv(19,:)=[-2.7704859711973329e-01,-2.2399253688051850e-03,4.5378852330922564e-01];
GBias_cv(19,:)=[8.8844855774435820e-04,1.1974801143749092e-04,3.9055479448741330e-03];
dWv_cv(19,:)=[-5.5497567932394663e-05,-1.6807689236889172e-04,9.1548529115847421e-05];
dWgv_cv(19,:)=[-3.0393200215788089e-06,-6.9101897012099966e-06,3.1639468653025953e-06];
g_cv(19,:)=[6.6109610927670037e-01,8.7867295616901977e+00,4.0830660126842150e-01];
VBias_cv(19,:)=[-3.1678942890681945e-09,3.7056784346707066e-10,-2.7253791812885762e-09];
Av_cv(19,:)=[7.0387410372041203e-03,-1.8745889826824443e-03,-7.4798359679726862e-03];
As_cv(19,:)=[5.0182040912584092e-01,-9.2704897945248614e+00,-3.1008235839948894e+00];
Posgv_cv(19,:)=[7.0515897203821151e-05,-4.2010071844471317e-05,-1.0797922721073149e-04];
Kp_cv(20,:)=1.0000608795441657e+00;
RKp_cv(20,:)=4.8219585183230086e-05;
Rot_cv(20,:,:)=[9.9999998905914600e-01,-1.4531525669221100e-04,2.7661946163597451e-05;1.4531871652841594e-04,9.9999998161438286e-01,-1.2511476907229078e-04;-2.7643764570217243e-05,1.2511878750194366e-04,9.9999999179055576e-01];
Vel_cv(20,:)=[-7.4987844283067994e-04,7.4409692309615640e-05,7.0303321969868745e-04];
t_cv(20,:)=1.4037155249121432e+09;
dt_cv(20,:)=4.9999713897705078e-02;
i_cv(20,:)=20;
Pose_cv(20,:,:)=[9.9750355233491306e-01,-7.0522234057529901e-02,-3.6438417589084492e-03;7.0614673264510444e-02,9.9650280798675905e-01,4.4673499910473986e-02;4.8062352775631034e-04,-4.4819283551164116e-02,9.9899499539436365e-01];
Pos_cv(20,:)=[3.2723549675840446e-05,-3.9384924873813387e-05,-7.3045257182164863e-05];
K_cv(20,:)=1.4715176655776014e+00;
KLN_cv(20,:)=12094;
Giro_cv(20,:)=[2.2932964219106008e-02,3.1802268726044544e-03,7.8656949017652675e-02];
Acel_cv(20,:)=[5.0431360569999639e-01,-9.2576085840986906e+00,-3.1551699677271690e+00];
CAcel_cv(20,:)=[5.0077795253432578e-01,-9.2929066874774744e+00,-3.0930575851940998e+00];
DGiro_cv(20,:)=[-4.6440889356652570e-01,-8.0487290938867062e-01,-4.8384033443069252e-01];
GBias_cv(20,:)=[8.8828659779355593e-04,1.1968659192937710e-04,3.9056194966477276e-03];
dWv_cv(20,:)=[-1.7180321116130304e-05,-1.1836861474166145e-05,1.6906787695163263e-05];
dWgv_cv(20,:)=[-1.1952582543463772e-06,-4.5327362528392481e-07,5.2804935774765562e-07];
g_cv(20,:)=[6.2218328872000173e-01,8.7801495868921862e+00,3.9361656448958859e-01];
VBias_cv(20,:)=[-5.3541081287528767e-09,8.2109851969733566e-10,-9.0018404963064704e-09];
Av_cv(20,:)=[2.7016488388549591e-03,-5.0845963636436241e-04,-1.2580817153004221e-03];
As_cv(20,:)=[4.9545285440639492e-01,-9.2646964890874557e+00,-3.0866837796741087e+00];
Posgv_cv(20,:)=[3.2725328940223532e-05,-3.9379886865764404e-05,-7.3047863603050380e-05];
Kp_cv(21,:)=1.0003955498885799e+00;
RKp_cv(21,:)=4.8457744304028486e-05;
Rot_cv(21,:,:)=[9.9999995795898244e-01,-2.4519785461703464e-04,1.5479032726159377e-04;2.4522585327354737e-04,9.9999995357188365e-01,-1.8088811840361225e-04;-1.5474596669641914e-04,1.8092606938897214e-04,9.9999997165972143e-01];
Vel_cv(21,:)=[-3.6633655741667714e-03,-5.5523936310907483e-04,2.8904455959393965e-03];
t_cv(21,:)=1.4037155249621429e+09;
dt_cv(21,:)=5.0000190734863281e-02;
i_cv(21,:)=21;
Pose_cv(21,:,:)=[9.9758449847308850e-01,-6.9379428233240822e-02,-3.4151638650640912e-03;6.9462604212666604e-02,9.9660626142583553e-01,4.4169064998182850e-02;3.3914921654737223e-04,-4.4299600730117836e-02,9.9901823324349870e-01];
Pos_cv(21,:)=[-1.4857086225614053e-04,-7.3397774464168390e-05,7.2503816683960944e-05];
K_cv(21,:)=1.5372771654644870e+00;
KLN_cv(21,:)=11924;
Giro_cv(21,:)=[2.0221372932777554e-02,2.9402838728155140e-03,8.1032227370978510e-02];
Acel_cv(21,:)=[5.0576616491281645e-01,-9.2427500895551553e+00,-3.1249409134060087e+00];
CAcel_cv(21,:)=[5.1045052246555422e-01,-9.2430429219263637e+00,-3.0862560831610071e+00];
DGiro_cv(21,:)=[-2.3029964410577899e-01,-5.2000374219505030e-01,2.3950782322884372e-02];
GBias_cv(21,:)=[8.8694493386782007e-04,1.2053593066794897e-04,3.9059738759688743e-03];
dWv_cv(21,:)=[-1.5276220384128830e-04,2.0545507746795702e-04,1.5218943717599384e-04];
dWgv_cv(21,:)=[-1.0372507594777183e-05,6.5663034888140487e-06,2.7397339449293630e-06];
g_cv(21,:)=[6.1161428415356067e-01,8.7750615179752867e+00,3.8890610821166965e-01];
VBias_cv(21,:)=[-8.1266242199586521e-09,1.1759828783291371e-09,-1.2394968495731981e-08];
Av_cv(21,:)=[-1.0390185405002127e-02,-1.3991622485201739e-03,1.0174135309633511e-02];
As_cv(21,:)=[5.7742627092031107e-01,-9.2356906075072729e+00,-3.1279416620547904e+00];
Posgv_cv(21,:)=[-1.4856865588064780e-04,-7.3387699566204289e-05,7.2500806972587237e-05];
Kp_cv(22,:)=1.0004451975025923e+00;
RKp_cv(22,:)=4.8876309751319691e-05;
Rot_cv(22,:,:)=[9.9999998073710006e-01,1.7297961336755461e-04,9.2756952965525276e-05;-1.7299255695467524e-04,9.9999997529924267e-01,1.3955317736511188e-04;-9.2732810819682655e-05,-1.3956922093938040e-04,9.9999998596052919e-01];
Vel_cv(22,:)=[-3.4885882493939837e-03,8.1139794009282536e-04,1.6644002114188702e-03];
t_cv(22,:)=1.4037155250121431e+09;
dt_cv(22,:)=4.9999952316284180e-02;
i_cv(22,:)=22;
