Kp_cv(1,:)=1.35383;
RKp_cv(1,:)=0.0145643;
Rot_cv(1,:,:)=[0.999983,0.00293545,-0.00511571;-0.00290131,0.999974,0.00666985;0.00513516,-0.00665489,0.999965];
Vel_cv(1,:)=[0.0151412,-0.0654075,-0.119392];
t_cv(1,:)=1.31187e+09;
dt_cv(1,:)=0.031914;
i_cv(1,:)=-1;
Pose_cv(1,:,:)=[0.999983,0.00293545,-0.00511571;-0.00290131,0.999974,0.00666985;0.00513516,-0.00665489,0.999965];
Pos_cv(1,:)=[0.000366791,-0.00156162,-0.00280223];
K_cv(1,:)=1;
KLN_cv(1,:)=16156;
Kp_cv(2,:)=1.15868;
RKp_cv(2,:)=0.000616972;
Rot_cv(2,:,:)=[0.999986,0.00511434,-0.00117292;-0.00510812,0.999973,0.00524917;0.00119973,-0.00524311,0.999986];
Vel_cv(2,:)=[0.017907,0.00693038,-0.125636];
t_cv(2,:)=1.31187e+09;
dt_cv(2,:)=0.032115;
i_cv(2,:)=-1;
Pose_cv(2,:,:)=[0.999948,0.00807645,-0.00627313;-0.00800125,0.999897,0.0119222;0.00636877,-0.0118714,0.999909];
Pos_cv(2,:)=[0.000886485,-0.00141504,-0.00628328];
K_cv(2,:)=1;
KLN_cv(2,:)=15493;
Kp_cv(3,:)=1.01361;
RKp_cv(3,:)=0.000226364;
Rot_cv(3,:,:)=[0.999976,0.00564463,0.00401134;-0.0056623,0.999974,0.00440817;-0.00398636,-0.00443078,0.999982];
Vel_cv(3,:)=[0.0188841,-0.00912633,-0.0577074];
t_cv(3,:)=1.31187e+09;
dt_cv(3,:)=0.0360751;
i_cv(3,:)=-1;
Pose_cv(3,:,:)=[0.999903,0.0137484,-0.00222628;-0.0137103,0.999773,0.0162976;0.00244984,-0.0162655,0.999865];
Pos_cv(3,:)=[0.00155863,-0.00178247,-0.00832992];
K_cv(3,:)=1;
KLN_cv(3,:)=15238;
Kp_cv(4,:)=0.992886;
RKp_cv(4,:)=0.00019527;
Rot_cv(4,:,:)=[0.999967,0.0043222,0.00688583;-0.00433101,0.99999,0.00126425;-0.00688029,-0.00129403,0.999975];
Vel_cv(4,:)=[0.0162992,0.00891038,-0.0468707];
t_cv(4,:)=1.31187e+09;
dt_cv(4,:)=0.0318949;
i_cv(4,:)=-1;
Pose_cv(4,:,:)=[0.999826,0.0180729,0.00467631;-0.018152,0.999683,0.0174668;-0.00435916,-0.0175486,0.999837];
Pos_cv(4,:)=[0.00208026,-0.00153213,-0.00984263];
K_cv(4,:)=1;
KLN_cv(4,:)=15166;
Kp_cv(5,:)=1.00403;
RKp_cv(5,:)=0.000174436;
Rot_cv(5,:,:)=[0.999979,0.00328779,0.00550534;-0.00328445,0.999994,-0.000615954;-0.00550734,0.000597859,0.999985];
Vel_cv(5,:)=[0.015808,0.00209018,-0.0272623];
t_cv(5,:)=1.31187e+09;
dt_cv(5,:)=0.0319791;
i_cv(5,:)=-1;
Pose_cv(5,:,:)=[0.99972,0.0213628,0.0101695;-0.0215312,0.999628,0.0167508;-0.00980787,-0.0169651,0.999808];
Pos_cv(5,:)=[0.0025762,-0.00149097,-0.0107169];
K_cv(5,:)=1;
KLN_cv(5,:)=15238;
Kp_cv(6,:)=0.996363;
RKp_cv(6,:)=0.000168223;
Rot_cv(6,:,:)=[0.99999,0.00376419,0.00247247;-0.00375875,0.999991,-0.0022006;-0.00248073,0.00219128,0.999995];
Vel_cv(6,:)=[0.0273737,-0.00491031,-0.0439161];
t_cv(6,:)=1.31187e+09;
dt_cv(6,:)=0.036057;
i_cv(6,:)=-1;
Pose_cv(6,:,:)=[0.999604,0.025148,0.0125942;-0.0253299,0.999574,0.0144977;-0.0122243,-0.014811,0.999816];
Pos_cv(6,:)=[0.00354194,-0.00171672,-0.0123153];
K_cv(6,:)=1;
KLN_cv(6,:)=15412;
Kp_cv(7,:)=1.02001;
RKp_cv(7,:)=0.000136489;
Rot_cv(7,:,:)=[0.999994,0.00241451,0.00230223;-0.00240617,0.999991,-0.00362121;-0.00231095,0.00361565,0.999991];
Vel_cv(7,:)=[0.026986,0.00785178,-0.0894989];
t_cv(7,:)=1.31187e+09;
dt_cv(7,:)=0.032079;
i_cv(7,:)=-1;
Pose_cv(7,:,:)=[0.999509,0.0276069,0.0148043;-0.0277684,0.999556,0.0108196;-0.0144991,-0.0112254,0.999832];
Pos_cv(7,:)=[0.00435537,-0.00152392,-0.0151446];
K_cv(7,:)=1;
KLN_cv(7,:)=15251;
Kp_cv(8,:)=1.0169;
RKp_cv(8,:)=0.000105796;
Rot_cv(8,:,:)=[0.999999,0.00142321,-0.000845539;-0.0014253,0.999996,-0.00247754;0.00084201,0.00247875,0.999997];
Vel_cv(8,:)=[0.0192653,0.0372844,-0.103236];
t_cv(8,:)=1.31187e+09;
dt_cv(8,:)=0.031965;
i_cv(8,:)=-1;
Pose_cv(8,:,:)=[0.999481,0.029066,0.0138908;-0.0291839,0.999539,0.00836657;-0.0136412,-0.00876762,0.999869];
Pos_cv(8,:)=[0.00494963,-0.00039729,-0.0184078];
K_cv(8,:)=1;
KLN_cv(8,:)=15286;
Kp_cv(9,:)=1.00869;
RKp_cv(9,:)=7.70747e-05;
Rot_cv(9,:,:)=[0.999995,-2.81959e-05,-0.0031063;2.82861e-05,1,2.89636e-05;0.0031063,-2.90513e-05,0.999995];
Vel_cv(9,:)=[0.0356436,0.0148074,-0.104445];
t_cv(9,:)=1.31187e+09;
dt_cv(9,:)=0.035882;
i_cv(9,:)=-1;
Pose_cv(9,:,:)=[0.99952,0.0290374,0.0107869;-0.0291295,0.99954,0.00848614;-0.0105355,-0.00879628,0.999906];
Pos_cv(9,:)=[0.00619219,6.07452e-05,-0.0221409];
K_cv(9,:)=1;
KLN_cv(9,:)=15296;
Kp_cv(10,:)=1.02683;
RKp_cv(10,:)=5.85198e-05;
Rot_cv(10,:,:)=[0.999996,-0.00160453,-0.00252595;0.00160782,0.999998,0.00130295;0.00252385,-0.001307,0.999996];
Vel_cv(10,:)=[0.0703611,-0.0985856,-0.00546244];
t_cv(10,:)=1.31187e+09;
dt_cv(10,:)=0.032059;
i_cv(10,:)=-1;
Pose_cv(10,:,:)=[0.99959,0.0274195,0.00829991;-0.0275009,0.999573,0.00986203;-0.00802596,-0.0100862,0.999917];
Pos_cv(10,:)=[0.00830224,-0.00307802,-0.022298];
K_cv(10,:)=1;
KLN_cv(10,:)=15295;
Kp_cv(11,:)=1.01164;
RKp_cv(11,:)=3.12032e-05;
Rot_cv(11,:,:)=[0.999995,-0.00164227,-0.00253727;0.00163397,0.999993,-0.00326884;0.00254263,0.00326468,0.999991];
Vel_cv(11,:)=[0.0928127,-0.0654449,-0.0802442];
t_cv(11,:)=1.31187e+09;
dt_cv(11,:)=0.032052;
i_cv(11,:)=-1;
Pose_cv(11,:,:)=[0.999651,0.0258048,0.00567398;-0.0258424,0.999644,0.00666428;-0.00549999,-0.00680858,0.999962];
Pos_cv(11,:)=[0.0111739,-0.00524371,-0.0248424];
K_cv(11,:)=1;
KLN_cv(11,:)=14970;
Kp_cv(12,:)=1.01118;
RKp_cv(12,:)=2.3527e-05;
Rot_cv(12,:,:)=[1,0.00020827,-0.000817847;-0.000211224,0.999993,-0.00361328;0.000817089,0.00361346,0.999993];
Vel_cv(12,:)=[0.101433,-0.0692155,-0.0397225];
t_cv(12,:)=1.31187e+09;
dt_cv(12,:)=0.0360401;
i_cv(12,:)=-1;
Pose_cv(12,:,:)=[0.99965,0.0260333,0.00476314;-0.0260481,0.999656,0.00307337;-0.00468149,-0.00319636,0.999984];
Pos_cv(12,:)=[0.0147169,-0.00780834,-0.0262671];
K_cv(12,:)=1;
KLN_cv(12,:)=15107;
Kp_cv(13,:)=1.00414;
RKp_cv(13,:)=1.75398e-05;
Rot_cv(13,:,:)=[1,0.000546459,0.000667979;-0.000542073,0.999978,-0.00654868;-0.000671544,0.00654831,0.999978];
Vel_cv(13,:)=[0.127053,-0.0747473,-0.0611371];
t_cv(13,:)=1.31187e+09;
dt_cv(13,:)=0.031868;
i_cv(13,:)=-1;
Pose_cv(13,:,:)=[0.999632,0.0266102,0.0052603;-0.0265921,0.99964,-0.00349052;-0.00535129,0.00334936,0.99998];
Pos_cv(13,:)=[0.0186743,-0.0102802,-0.0282369];
K_cv(13,:)=1;
KLN_cv(13,:)=14878;
Kp_cv(14,:)=1.00449;
RKp_cv(14,:)=1.37809e-05;
Rot_cv(14,:,:)=[0.999995,0.00193148,0.00262429;-0.00191397,0.999976,-0.0066579;-0.00263708,0.00665284,0.999974];
Vel_cv(14,:)=[0.14412,0.00688695,-0.0641244];
t_cv(14,:)=1.31187e+09;
dt_cv(14,:)=0.032052;
i_cv(14,:)=-1;
Pose_cv(14,:,:)=[0.999562,0.0285753,0.00770631;-0.028496,0.999542,-0.0102157;-0.0079947,0.00999164,0.999918];
Pos_cv(14,:)=[0.0232615,-0.0101706,-0.0303174];
K_cv(14,:)=1;
KLN_cv(14,:)=14415;
Kp_cv(15,:)=1.0021;
RKp_cv(15,:)=1.16145e-05;
Rot_cv(15,:,:)=[0.999992,0.00126081,0.00387623;-0.00123651,0.99998,-0.00626338;-0.00388405,0.00625854,0.999973];
Vel_cv(15,:)=[0.122679,-0.0354001,-0.0278497];
t_cv(15,:)=1.31187e+09;
dt_cv(15,:)=0.0360739;
i_cv(15,:)=-1;
Pose_cv(15,:,:)=[0.999488,0.0298832,0.0114017;-0.029692,0.999421,-0.0165864;-0.0118907,0.0162394,0.999797];
Pos_cv(15,:)=[0.027626,-0.0115588,-0.031393];
K_cv(15,:)=1;
KLN_cv(15,:)=14793;
Kp_cv(16,:)=1.00566;
RKp_cv(16,:)=9.91831e-06;
Rot_cv(16,:,:)=[0.999992,0.00285099,0.00265485;-0.00283352,0.999974,-0.00656141;-0.00267349,0.00655384,0.999975];
Vel_cv(16,:)=[0.129702,0.0759559,-0.090956];
t_cv(16,:)=1.31187e+09;
dt_cv(16,:)=0.031801;
i_cv(16,:)=-1;
Pose_cv(16,:,:)=[0.999366,0.0328067,0.0138588;-0.0324793,0.999203,-0.0232224;-0.0146096,0.0227576,0.999634];
Pos_cv(16,:)=[0.0317637,-0.00922522,-0.0342734];
K_cv(16,:)=1;
KLN_cv(16,:)=14700;
Kp_cv(17,:)=1.00783;
RKp_cv(17,:)=8.2963e-06;
Rot_cv(17,:,:)=[0.999992,0.00409142,0.000414516;-0.00409073,0.99999,-0.00164063;-0.000421225,0.00163892,0.999999];
Vel_cv(17,:)=[0.140006,0.152147,-0.0793264];
t_cv(17,:)=1.31187e+09;
dt_cv(17,:)=0.032186;
i_cv(17,:)=-1;
Pose_cv(17,:,:)=[0.999217,0.036918,0.0142192;-0.0365568,0.999022,-0.0248752;-0.0151236,0.0243359,0.999589];
Pos_cv(17,:)=[0.0363748,-0.00447146,-0.0367551];
K_cv(17,:)=1;
KLN_cv(17,:)=15546;
Kp_cv(18,:)=1.00024;
RKp_cv(18,:)=6.21513e-06;
Rot_cv(18,:,:)=[0.999994,0.000914133,-0.00344895;-0.000898701,0.99999,0.00447349;0.003453,-0.00447036,0.999984];
Vel_cv(18,:)=[0.119244,-0.0226666,0.0140726];
t_cv(18,:)=1.31187e+09;
dt_cv(18,:)=0.035918;
i_cv(18,:)=-1;
Pose_cv(18,:,:)=[0.999227,0.0377674,0.0109379;-0.0375402,0.999089,-0.0202796;-0.0116938,0.0198533,0.999735];
Pos_cv(18,:)=[0.0406282,-0.00545566,-0.0363161];
K_cv(18,:)=1;
KLN_cv(18,:)=15322;
Kp_cv(19,:)=1.00183;
RKp_cv(19,:)=5.74251e-06;
Rot_cv(19,:,:)=[0.999976,-0.00137785,-0.00677712;0.0013855,0.999998,0.00112422;0.00677556,-0.00113358,0.999976];
Vel_cv(19,:)=[0.173454,-0.0533033,-0.0446236];
t_cv(19,:)=1.31187e+09;
dt_cv(19,:)=0.0320849;
i_cv(19,:)=-1;
Pose_cv(19,:,:)=[0.999329,0.0363782,0.0042082;-0.0362925,0.999162,-0.0189015;-0.00489228,0.0187361,0.999812];
Pos_cv(19,:)=[0.0461115,-0.00733593,-0.0378042];
K_cv(19,:)=1;
KLN_cv(19,:)=15142;
Kp_cv(20,:)=1.00208;
RKp_cv(20,:)=5.13084e-06;
Rot_cv(20,:,:)=[0.999969,0.00230895,-0.00751944;-0.00230867,0.999997,4.47824e-05;0.00751952,-2.7421e-05,0.999972];
Vel_cv(20,:)=[0.195405,0.0152532,-0.0981902];
t_cv(20,:)=1.31187e+09;
dt_cv(20,:)=0.031986;
i_cv(20,:)=-1;
Pose_cv(20,:,:)=[0.999246,0.0386854,-0.00330468;-0.0387403,0.999076,-0.0185833;0.00258273,0.0186973,0.999822];
Pos_cv(20,:)=[0.0523732,-0.0070329,-0.0409126];
K_cv(20,:)=1;
KLN_cv(20,:)=15231;
Kp_cv(21,:)=1.00233;
RKp_cv(21,:)=4.52242e-06;
Rot_cv(21,:,:)=[0.99996,0.00597862,-0.00659601;-0.00596714,0.999981,0.00175824;0.00660639,-0.00171881,0.999977];
Vel_cv(21,:)=[0.204047,-0.0425892,-0.0586899];
t_cv(21,:)=1.31187e+09;
dt_cv(21,:)=0.0360541;
i_cv(21,:)=-1;
Pose_cv(21,:,:)=[0.998954,0.0446644,-0.00982762;-0.0448231,0.998857,-0.0165708;0.00907627,0.0169939,0.999814];
Pos_cv(21,:)=[0.0596575,-0.00885709,-0.0429827];
K_cv(21,:)=1;
KLN_cv(21,:)=15027;
Kp_cv(22,:)=1.00151;
RKp_cv(22,:)=3.94775e-06;
Rot_cv(22,:,:)=[0.999982,0.00364286,-0.00469184;-0.00365494,0.99999,-0.00256878;0.00468244,0.00258589,0.999986];
Vel_cv(22,:)=[0.225558,-0.0750999,-0.0760736];
t_cv(22,:)=1.31187e+09;
dt_cv(22,:)=0.031852;
i_cv(22,:)=-1;
Pose_cv(22,:,:)=[0.998727,0.0482776,-0.0146292;-0.0485507,0.998641,-0.0189261;0.0136956,0.0196122,0.999714];
Pos_cv(22,:)=[0.0667421,-0.0115448,-0.0453501];
K_cv(22,:)=1;
KLN_cv(22,:)=15229;
Kp_cv(23,:)=1.00183;
RKp_cv(23,:)=3.4746e-06;
Rot_cv(23,:,:)=[0.999979,0.00486649,-0.00425336;-0.00488942,0.999973,-0.00539692;0.00422699,0.00541761,0.999976];
Vel_cv(23,:)=[0.218225,0.0679999,-0.118715];
t_cv(23,:)=1.31187e+09;
dt_cv(23,:)=0.0321319;
i_cv(23,:)=-1;
Pose_cv(23,:,:)=[0.998408,0.0530573,-0.0191373;-0.0535124,0.998276,-0.0241087;0.0178252,0.0250944,0.999526];
Pos_cv(23,:)=[0.0739187,-0.00965037,-0.0489763];
K_cv(23,:)=1;
KLN_cv(23,:)=14853;
Kp_cv(24,:)=1.0014;
RKp_cv(24,:)=3.13556e-06;
Rot_cv(24,:,:)=[0.999976,0.00566012,-0.0039771;-0.00567279,0.999979,-0.00318231;0.003959,0.00320479,0.999987];
Vel_cv(24,:)=[0.218012,0.090853,-0.0982942];
t_cv(24,:)=1.31187e+09;
dt_cv(24,:)=0.0359991;
i_cv(24,:)=-1;
Pose_cv(24,:,:)=[0.998007,0.058646,-0.0232767;-0.0592696,0.997875,-0.0270724;0.0216395,0.028398,0.999362];
Pos_cv(24,:)=[0.0820141,-0.00676011,-0.0522453];
K_cv(24,:)=1;
KLN_cv(24,:)=14943;
Kp_cv(25,:)=1.00579;
RKp_cv(25,:)=2.72411e-06;
Rot_cv(25,:,:)=[0.999991,0.00350039,-0.00245021;-0.00350226,0.999994,-0.000760875;0.00244753,0.000769449,0.999997];
Vel_cv(25,:)=[0.239403,0.13327,-0.0805752];
t_cv(25,:)=1.31187e+09;
dt_cv(25,:)=0.032048;
i_cv(25,:)=-1;
Pose_cv(25,:,:)=[0.997736,0.0621211,-0.0257665;-0.0628302,0.99764,-0.0276863;0.0239858,0.0292426,0.999285];
Pos_cv(25,:)=[0.089955,-0.00293191,-0.0545037];
K_cv(25,:)=1;
KLN_cv(25,:)=15170;
Kp_cv(26,:)=1.00386;
RKp_cv(26,:)=2.42466e-06;
Rot_cv(26,:,:)=[0.999991,0.00138837,-0.00400766;-0.0013815,0.999998,0.00171618;0.00401003,-0.00171063,0.99999];
Vel_cv(26,:)=[0.176575,0.102092,-0.0625967];
t_cv(26,:)=1.31187e+09;
dt_cv(26,:)=0.031812;
i_cv(26,:)=-1;
Pose_cv(26,:,:)=[0.997538,0.0635503,-0.0296583;-0.0643189,0.997598,-0.0257221;0.0279524,0.0275664,0.999229];
Pos_cv(26,:)=[0.0958013,-1.33037e-05,-0.0562402];
K_cv(26,:)=1;
KLN_cv(26,:)=15115;
Kp_cv(27,:)=1.00104;
RKp_cv(27,:)=2.38932e-06;
Rot_cv(27,:,:)=[0.999967,0.00231436,-0.00784774;-0.0022896,0.999992,0.00316271;0.007855,-0.00314464,0.999964];
Vel_cv(27,:)=[0.171486,0.140129,-0.0647282];
t_cv(27,:)=1.31187e+09;
dt_cv(27,:)=0.036098;
i_cv(27,:)=-1;
Pose_cv(27,:,:)=[0.997126,0.0659517,-0.0372846;-0.0668029,0.997522,-0.0220613;0.0357373,0.0244887,0.999061];
Pos_cv(27,:)=[0.102388,0.00466566,-0.0582274];
K_cv(27,:)=1;
KLN_cv(27,:)=14682;
Kp_cv(28,:)=0.999955;
RKp_cv(28,:)=2.12528e-06;
Rot_cv(28,:,:)=[0.999954,0.00202881,-0.00938134;-0.00196753,0.999977,0.00653716;0.00939438,-0.0065184,0.999935];
Vel_cv(28,:)=[0.231303,0.0730853,-0.0511356];
t_cv(28,:)=1.31187e+09;
dt_cv(28,:)=0.0321231;
i_cv(28,:)=-1;
Pose_cv(28,:,:)=[0.9966,0.0682162,-0.0462054;-0.0689697,0.997507,-0.0149122;0.045073,0.0180483,0.998821];
Pos_cv(28,:)=[0.110029,0.00651966,-0.0594909];
K_cv(28,:)=1;
KLN_cv(28,:)=13681;
Kp_cv(29,:)=1.00052;
RKp_cv(29,:)=1.9186e-06;
Rot_cv(29,:,:)=[0.999973,0.000678034,-0.00728889;-0.000647518,0.999991,0.0041882;0.00729166,-0.00418336,0.999965];
Vel_cv(29,:)=[0.268439,-0.0270623,-0.0539997];
t_cv(29,:)=1.31187e+09;
dt_cv(29,:)=0.0318339;
i_cv(29,:)=-1;
Pose_cv(29,:,:)=[0.996192,0.0690846,-0.0531822;-0.0697225,0.997514,-0.0102313;0.0523432,0.0139003,0.998532];
Pos_cv(29,:)=[0.118569,0.00508283,-0.0607714];
K_cv(29,:)=1;
KLN_cv(29,:)=14335;
Kp_cv(30,:)=1.00134;
RKp_cv(30,:)=1.8148e-06;
Rot_cv(30,:,:)=[0.999991,0.00169106,-0.0038557;-0.00169372,0.999998,-0.000686429;0.00385453,0.000692953,0.999992];
Vel_cv(30,:)=[0.209869,0.10425,-0.0735877];
t_cv(30,:)=1.31187e+09;
dt_cv(30,:)=0.0360999;
i_cv(30,:)=-1;
Pose_cv(30,:,:)=[0.995861,0.0707323,-0.0570702;-0.0714508,0.997387,-0.0106471;0.056168,0.0146807,0.998313];
Pos_cv(30,:)=[0.126521,0.00831901,-0.0629397];
K_cv(30,:)=1;
KLN_cv(30,:)=15662;
Kp_cv(31,:)=1.00142;
RKp_cv(31,:)=1.73677e-06;
Rot_cv(31,:,:)=[0.999997,0.000967915,-0.00230993;-0.000964491,0.999998,0.00148322;0.00231137,-0.00148099,0.999996];
Vel_cv(31,:)=[0.223968,0.183242,-0.0543341];
t_cv(31,:)=1.31187e+09;
dt_cv(31,:)=0.0318022;
i_cv(31,:)=-1;
Pose_cv(31,:,:)=[0.995658,0.0717806,-0.0592655;-0.0724372,0.997332,-0.00900263;0.0584612,0.0132566,0.998202];
Pos_cv(31,:)=[0.134123,0.013623,-0.0641692];
K_cv(31,:)=1;
KLN_cv(31,:)=15285;
Kp_cv(32,:)=1.00546;
RKp_cv(32,:)=1.61061e-06;
Rot_cv(32,:,:)=[0.999996,-0.0025023,-0.00133208;0.00251034,0.999978,0.00606377;0.00131688,-0.00606709,0.999981];
Vel_cv(32,:)=[0.171298,0.190712,-0.00526452];
t_cv(32,:)=1.31187e+09;
dt_cv(32,:)=0.0321519;
i_cv(32,:)=-1;
Pose_cv(32,:,:)=[0.995756,0.0696472,-0.0601554;-0.0699451,0.997547,-0.00285837;0.0598087,0.00705381,0.998185];
Pos_cv(32,:)=[0.140012,0.0193239,-0.0639666];
K_cv(32,:)=1;
KLN_cv(32,:)=14796;
Kp_cv(33,:)=1.00005;
RKp_cv(33,:)=1.48926e-06;
Rot_cv(33,:,:)=[0.999977,-0.00575898,-0.00360122;0.00579249,0.999939,0.00936331;0.00354708,-0.00938395,0.99995];
Vel_cv(33,:)=[0.13561,0.0508734,-0.0219693];
t_cv(33,:)=1.31187e+09;
dt_cv(33,:)=0.0360649;
i_cv(33,:)=-1;
Pose_cv(33,:,:)=[0.995923,0.0644729,-0.0630862;-0.0641753,0.997916,0.006734;0.0633888,-0.00265797,0.997985];
Pos_cv(33,:)=[0.145051,0.0208355,-0.0644521];
K_cv(33,:)=1;
KLN_cv(33,:)=13741;
Kp_cv(34,:)=1.00005;
RKp_cv(34,:)=1.44682e-06;
Rot_cv(34,:,:)=[0.999985,-0.00387348,-0.00376307;0.00390602,0.999955,0.00867688;0.00372929,-0.00869146,0.999955];
Vel_cv(34,:)=[0.202022,0.0401887,-0.0475926];
t_cv(34,:)=1.31187e+09;
dt_cv(34,:)=0.0319452;
i_cv(34,:)=-1;
Pose_cv(34,:,:)=[0.995925,0.0611606,-0.0662717;-0.0602514,0.998061,0.015634;0.0670993,-0.0115773,0.997679];
Pos_cv(34,:)=[0.151657,0.0217042,-0.0655507];
K_cv(34,:)=1;
KLN_cv(34,:)=14190;
Kp_cv(35,:)=1.00015;
RKp_cv(35,:)=1.39712e-06;
Rot_cv(35,:,:)=[0.999996,-0.002758,-0.000401154;0.00276054,0.999975,0.0064889;0.000383247,-0.00648999,0.999979];
Vel_cv(35,:)=[0.163155,-0.00859561,-0.0556271];
t_cv(35,:)=1.31187e+09;
dt_cv(35,:)=0.03193;
i_cv(35,:)=-1;
Pose_cv(35,:,:)=[0.996065,0.0588424,-0.0662729;-0.05749,0.998101,0.0221342;0.0674495,-0.018237,0.997556];
Pos_cv(35,:)=[0.156947,0.0210916,-0.066966];
K_cv(35,:)=1;
KLN_cv(35,:)=14546;
Kp_cv(36,:)=1.00042;
RKp_cv(36,:)=1.37669e-06;
Rot_cv(36,:,:)=[0.999999,0.00126546,0.00100426;-0.00126813,0.999996,0.00265908;-0.00100089,-0.00266035,0.999996];
Vel_cv(36,:)=[0.109616,-0.0387962,-0.0553347];
t_cv(36,:)=1.31187e+09;
dt_cv(36,:)=0.036134;
i_cv(36,:)=-1;
Pose_cv(36,:,:)=[0.996055,0.060279,-0.0651159;-0.0587778,0.997965,0.0247304;0.0664741,-0.0208054,0.997571];
Pos_cv(36,:)=[0.160936,0.019411,-0.0686674];
K_cv(36,:)=1;
KLN_cv(36,:)=15042;
Kp_cv(37,:)=1.00031;
RKp_cv(37,:)=1.38565e-06;
Rot_cv(37,:,:)=[0.999992,0.00364973,0.00154887;-0.00364619,0.999991,-0.00228291;-0.00155719,0.00227724,0.999996];
Vel_cv(37,:)=[0.1378,0.0358604,-0.110704];
t_cv(37,:)=1.31187e+09;
dt_cv(37,:)=0.031971;
i_cv(37,:)=-1;
Pose_cv(37,:,:)=[0.995929,0.0637655,-0.0637105;-0.0624546,0.997797,0.022361;0.064996,-0.0182909,0.997718];
Pos_cv(37,:)=[0.165621,0.0202004,-0.0719323];
K_cv(37,:)=1;
KLN_cv(37,:)=15359;
Kp_cv(38,:)=0.999893;
RKp_cv(38,:)=1.39866e-06;
Rot_cv(38,:,:)=[0.999988,0.00273941,0.00403888;-0.00273169,0.999994,-0.00191562;-0.00404411,0.00190456,0.99999];
Vel_cv(38,:)=[0.137143,0.0411944,-0.0953588];
t_cv(38,:)=1.31187e+09;
dt_cv(38,:)=0.0320919;
i_cv(38,:)=-1;
Pose_cv(38,:,:)=[0.996001,0.066372,-0.0598095;-0.06527,0.997663,0.0201971;0.0610103,-0.0162126,0.998005];
Pos_cv(38,:)=[0.170276,0.0211704,-0.0747396];
K_cv(38,:)=1;
KLN_cv(38,:)=14964;
