Kp_cv(1,:)=1.35383;
RKp_cv(1,:)=0.0145643;
Rot_cv(1,:,:)=[0.999983,0.00293545,-0.00511571;-0.00290131,0.999974,0.00666985;0.00513516,-0.00665489,0.999965];
Vel_cv(1,:)=[0.0151412,-0.0654075,-0.119392];
t_cv(1,:)=0.0358448;
dt_cv(1,:)=0.031914;
i_cv(1,:)=1;
Pose_cv(1,:,:)=[0.999983,0.00293545,-0.00511571;-0.00290131,0.999974,0.00666985;0.00513516,-0.00665489,0.999965];
Pos_cv(1,:)=[0.000366791,-0.00156162,-0.00280223];
K_cv(1,:)=1;
KLN_cv(1,:)=16156;
Kp_cv(2,:)=1.15868;
RKp_cv(2,:)=0.000616972;
Rot_cv(2,:,:)=[0.999986,0.00511434,-0.00117292;-0.00510812,0.999973,0.00524917;0.00119973,-0.00524311,0.999986];
Vel_cv(2,:)=[0.017907,0.00693038,-0.125636];
t_cv(2,:)=0.0677588;
dt_cv(2,:)=0.032115;
i_cv(2,:)=2;
Pose_cv(2,:,:)=[0.999948,0.00807645,-0.00627313;-0.00800125,0.999897,0.0119222;0.00636877,-0.0118714,0.999909];
Pos_cv(2,:)=[0.000886485,-0.00141504,-0.00628328];
K_cv(2,:)=1;
KLN_cv(2,:)=15493;
Kp_cv(3,:)=1.01361;
RKp_cv(3,:)=0.000226364;
Rot_cv(3,:,:)=[0.999976,0.00564463,0.00401134;-0.0056623,0.999974,0.00440817;-0.00398636,-0.00443078,0.999982];
Vel_cv(3,:)=[0.0188841,-0.00912633,-0.0577074];
t_cv(3,:)=0.0998738;
dt_cv(3,:)=0.0360751;
i_cv(3,:)=3;
Pose_cv(3,:,:)=[0.999903,0.0137484,-0.00222628;-0.0137103,0.999773,0.0162976;0.00244984,-0.0162655,0.999865];
Pos_cv(3,:)=[0.00155863,-0.00178247,-0.00832992];
K_cv(3,:)=1;
KLN_cv(3,:)=15238;
Kp_cv(4,:)=0.992886;
RKp_cv(4,:)=0.00019527;
Rot_cv(4,:,:)=[0.999967,0.0043222,0.00688583;-0.00433101,0.99999,0.00126425;-0.00688029,-0.00129403,0.999975];
Vel_cv(4,:)=[0.0162992,0.00891038,-0.0468707];
t_cv(4,:)=0.135949;
dt_cv(4,:)=0.0318949;
i_cv(4,:)=4;
Pose_cv(4,:,:)=[0.999826,0.0180729,0.00467631;-0.018152,0.999683,0.0174668;-0.00435916,-0.0175486,0.999837];
Pos_cv(4,:)=[0.00208026,-0.00153213,-0.00984263];
K_cv(4,:)=1;
KLN_cv(4,:)=15166;
Kp_cv(5,:)=1.00403;
RKp_cv(5,:)=0.000174436;
Rot_cv(5,:,:)=[0.999979,0.00328779,0.00550534;-0.00328445,0.999994,-0.000615954;-0.00550734,0.000597859,0.999985];
Vel_cv(5,:)=[0.015808,0.00209018,-0.0272623];
t_cv(5,:)=0.167844;
dt_cv(5,:)=0.0319791;
i_cv(5,:)=5;
Pose_cv(5,:,:)=[0.99972,0.0213628,0.0101695;-0.0215312,0.999628,0.0167508;-0.00980787,-0.0169651,0.999808];
Pos_cv(5,:)=[0.0025762,-0.00149097,-0.0107169];
K_cv(5,:)=1;
KLN_cv(5,:)=15238;
Kp_cv(6,:)=0.996363;
RKp_cv(6,:)=0.000168223;
Rot_cv(6,:,:)=[0.99999,0.00376419,0.00247247;-0.00375875,0.999991,-0.0022006;-0.00248073,0.00219128,0.999995];
Vel_cv(6,:)=[0.0273737,-0.00491031,-0.0439161];
t_cv(6,:)=0.199823;
dt_cv(6,:)=0.036057;
i_cv(6,:)=6;
Pose_cv(6,:,:)=[0.999604,0.025148,0.0125942;-0.0253299,0.999574,0.0144977;-0.0122243,-0.014811,0.999816];
Pos_cv(6,:)=[0.00354194,-0.00171672,-0.0123153];
K_cv(6,:)=1;
KLN_cv(6,:)=15412;
Kp_cv(7,:)=1.02001;
RKp_cv(7,:)=0.000136489;
Rot_cv(7,:,:)=[0.999994,0.00241451,0.00230223;-0.00240617,0.999991,-0.00362121;-0.00231095,0.00361565,0.999991];
Vel_cv(7,:)=[0.026986,0.00785178,-0.0894989];
t_cv(7,:)=0.23588;
dt_cv(7,:)=0.032079;
i_cv(7,:)=7;
Pose_cv(7,:,:)=[0.999509,0.0276069,0.0148043;-0.0277684,0.999556,0.0108196;-0.0144991,-0.0112254,0.999832];
Pos_cv(7,:)=[0.00435537,-0.00152392,-0.0151446];
K_cv(7,:)=1;
KLN_cv(7,:)=15251;
Kp_cv(8,:)=1.0169;
RKp_cv(8,:)=0.000105796;
Rot_cv(8,:,:)=[0.999999,0.00142321,-0.000845539;-0.0014253,0.999996,-0.00247754;0.00084201,0.00247875,0.999997];
Vel_cv(8,:)=[0.0192653,0.0372844,-0.103236];
t_cv(8,:)=0.267959;
dt_cv(8,:)=0.031965;
i_cv(8,:)=8;
Pose_cv(8,:,:)=[0.999481,0.029066,0.0138908;-0.0291839,0.999539,0.00836657;-0.0136412,-0.00876762,0.999869];
Pos_cv(8,:)=[0.00494963,-0.00039729,-0.0184078];
K_cv(8,:)=1;
KLN_cv(8,:)=15286;
Kp_cv(9,:)=1.00869;
RKp_cv(9,:)=7.70747e-05;
Rot_cv(9,:,:)=[0.999995,-2.81959e-05,-0.0031063;2.82861e-05,1,2.89636e-05;0.0031063,-2.90513e-05,0.999995];
Vel_cv(9,:)=[0.0356436,0.0148074,-0.104445];
t_cv(9,:)=0.299924;
dt_cv(9,:)=0.035882;
i_cv(9,:)=9;
Pose_cv(9,:,:)=[0.99952,0.0290374,0.0107869;-0.0291295,0.99954,0.00848614;-0.0105355,-0.00879628,0.999906];
Pos_cv(9,:)=[0.00619219,6.07452e-05,-0.0221409];
K_cv(9,:)=1;
KLN_cv(9,:)=15296;
Kp_cv(10,:)=1.02683;
RKp_cv(10,:)=5.85198e-05;
Rot_cv(10,:,:)=[0.999996,-0.00160453,-0.00252595;0.00160782,0.999998,0.00130295;0.00252385,-0.001307,0.999996];
Vel_cv(10,:)=[0.0703611,-0.0985856,-0.00546244];
t_cv(10,:)=0.335806;
dt_cv(10,:)=0.032059;
i_cv(10,:)=10;
Pose_cv(10,:,:)=[0.99959,0.0274195,0.00829991;-0.0275009,0.999573,0.00986203;-0.00802596,-0.0100862,0.999917];
Pos_cv(10,:)=[0.00830224,-0.00307802,-0.022298];
K_cv(10,:)=1;
KLN_cv(10,:)=15295;
Kp_cv(11,:)=1.01164;
RKp_cv(11,:)=3.12032e-05;
Rot_cv(11,:,:)=[0.999995,-0.00164227,-0.00253727;0.00163397,0.999993,-0.00326884;0.00254263,0.00326468,0.999991];
Vel_cv(11,:)=[0.0928127,-0.0654449,-0.0802442];
t_cv(11,:)=0.367865;
dt_cv(11,:)=0.032052;
i_cv(11,:)=11;
Pose_cv(11,:,:)=[0.999651,0.0258048,0.00567398;-0.0258424,0.999644,0.00666428;-0.00549999,-0.00680858,0.999962];
Pos_cv(11,:)=[0.0111739,-0.00524371,-0.0248424];
K_cv(11,:)=1;
KLN_cv(11,:)=14970;
Kp_cv(12,:)=1.01118;
RKp_cv(12,:)=2.3527e-05;
Rot_cv(12,:,:)=[1,0.00020827,-0.000817847;-0.000211224,0.999993,-0.00361328;0.000817089,0.00361346,0.999993];
Vel_cv(12,:)=[0.101433,-0.0692155,-0.0397225];
t_cv(12,:)=0.399917;
dt_cv(12,:)=0.0360401;
i_cv(12,:)=12;
Pose_cv(12,:,:)=[0.99965,0.0260333,0.00476314;-0.0260481,0.999656,0.00307337;-0.00468149,-0.00319636,0.999984];
Pos_cv(12,:)=[0.0147169,-0.00780834,-0.0262671];
K_cv(12,:)=1;
KLN_cv(12,:)=15107;
Kp_cv(13,:)=1.00414;
RKp_cv(13,:)=1.75398e-05;
Rot_cv(13,:,:)=[1,0.000546459,0.000667979;-0.000542073,0.999978,-0.00654868;-0.000671544,0.00654831,0.999978];
Vel_cv(13,:)=[0.127053,-0.0747473,-0.0611371];
t_cv(13,:)=0.435957;
dt_cv(13,:)=0.031868;
i_cv(13,:)=13;
Pose_cv(13,:,:)=[0.999632,0.0266102,0.0052603;-0.0265921,0.99964,-0.00349052;-0.00535129,0.00334936,0.99998];
Pos_cv(13,:)=[0.0186743,-0.0102802,-0.0282369];
K_cv(13,:)=1;
KLN_cv(13,:)=14878;
Kp_cv(14,:)=1.00449;
RKp_cv(14,:)=1.37809e-05;
Rot_cv(14,:,:)=[0.999995,0.00193148,0.00262429;-0.00191397,0.999976,-0.0066579;-0.00263708,0.00665284,0.999974];
Vel_cv(14,:)=[0.14412,0.00688695,-0.0641244];
t_cv(14,:)=0.467825;
dt_cv(14,:)=0.032052;
i_cv(14,:)=14;
Pose_cv(14,:,:)=[0.999562,0.0285753,0.00770631;-0.028496,0.999542,-0.0102157;-0.0079947,0.00999164,0.999918];
Pos_cv(14,:)=[0.0232615,-0.0101706,-0.0303174];
K_cv(14,:)=1;
KLN_cv(14,:)=14415;
Kp_cv(15,:)=1.0021;
RKp_cv(15,:)=1.16145e-05;
Rot_cv(15,:,:)=[0.999992,0.00126081,0.00387623;-0.00123651,0.99998,-0.00626338;-0.00388405,0.00625854,0.999973];
Vel_cv(15,:)=[0.122679,-0.0354001,-0.0278497];
t_cv(15,:)=0.499877;
dt_cv(15,:)=0.0360739;
i_cv(15,:)=15;
Pose_cv(15,:,:)=[0.999488,0.0298832,0.0114017;-0.029692,0.999421,-0.0165864;-0.0118907,0.0162394,0.999797];
Pos_cv(15,:)=[0.027626,-0.0115588,-0.031393];
K_cv(15,:)=1;
KLN_cv(15,:)=14793;
Kp_cv(16,:)=1.00566;
RKp_cv(16,:)=9.91831e-06;
Rot_cv(16,:,:)=[0.999992,0.00285099,0.00265485;-0.00283352,0.999974,-0.00656141;-0.00267349,0.00655384,0.999975];
Vel_cv(16,:)=[0.129702,0.0759559,-0.090956];
t_cv(16,:)=0.535951;
dt_cv(16,:)=0.031801;
i_cv(16,:)=16;
Pose_cv(16,:,:)=[0.999366,0.0328067,0.0138588;-0.0324793,0.999203,-0.0232224;-0.0146096,0.0227576,0.999634];
Pos_cv(16,:)=[0.0317637,-0.00922522,-0.0342734];
K_cv(16,:)=1;
KLN_cv(16,:)=14700;
Kp_cv(17,:)=1.00783;
RKp_cv(17,:)=8.2963e-06;
Rot_cv(17,:,:)=[0.999992,0.00409142,0.000414516;-0.00409073,0.99999,-0.00164063;-0.000421225,0.00163892,0.999999];
Vel_cv(17,:)=[0.140006,0.152147,-0.0793264];
t_cv(17,:)=0.567752;
dt_cv(17,:)=0.032186;
i_cv(17,:)=17;
Pose_cv(17,:,:)=[0.999217,0.036918,0.0142192;-0.0365568,0.999022,-0.0248752;-0.0151236,0.0243359,0.999589];
Pos_cv(17,:)=[0.0363748,-0.00447146,-0.0367551];
K_cv(17,:)=1;
KLN_cv(17,:)=15546;
Kp_cv(18,:)=1.00024;
RKp_cv(18,:)=6.21513e-06;
Rot_cv(18,:,:)=[0.999994,0.000914133,-0.00344895;-0.000898701,0.99999,0.00447349;0.003453,-0.00447036,0.999984];
Vel_cv(18,:)=[0.119244,-0.0226666,0.0140726];
t_cv(18,:)=0.599938;
dt_cv(18,:)=0.035918;
i_cv(18,:)=18;
Pose_cv(18,:,:)=[0.999227,0.0377674,0.0109379;-0.0375402,0.999089,-0.0202796;-0.0116938,0.0198533,0.999735];
Pos_cv(18,:)=[0.0406282,-0.00545566,-0.0363161];
K_cv(18,:)=1;
KLN_cv(18,:)=15322;
Kp_cv(19,:)=1.00183;
RKp_cv(19,:)=5.74251e-06;
Rot_cv(19,:,:)=[0.999976,-0.00137785,-0.00677712;0.0013855,0.999998,0.00112422;0.00677556,-0.00113358,0.999976];
Vel_cv(19,:)=[0.173454,-0.0533033,-0.0446236];
t_cv(19,:)=0.635856;
dt_cv(19,:)=0.0320849;
i_cv(19,:)=19;
Pose_cv(19,:,:)=[0.999329,0.0363782,0.0042082;-0.0362925,0.999162,-0.0189015;-0.00489228,0.0187361,0.999812];
Pos_cv(19,:)=[0.0461115,-0.00733593,-0.0378042];
K_cv(19,:)=1;
KLN_cv(19,:)=15142;
Kp_cv(20,:)=1.00208;
RKp_cv(20,:)=5.13084e-06;
Rot_cv(20,:,:)=[0.999969,0.00230895,-0.00751944;-0.00230867,0.999997,4.47824e-05;0.00751952,-2.7421e-05,0.999972];
Vel_cv(20,:)=[0.195405,0.0152532,-0.0981902];
t_cv(20,:)=0.667941;
dt_cv(20,:)=0.031986;
i_cv(20,:)=20;
Pose_cv(20,:,:)=[0.999246,0.0386854,-0.00330468;-0.0387403,0.999076,-0.0185833;0.00258273,0.0186973,0.999822];
Pos_cv(20,:)=[0.0523732,-0.0070329,-0.0409126];
K_cv(20,:)=1;
KLN_cv(20,:)=15231;
Kp_cv(21,:)=1.00233;
RKp_cv(21,:)=4.52242e-06;
Rot_cv(21,:,:)=[0.99996,0.00597862,-0.00659601;-0.00596714,0.999981,0.00175824;0.00660639,-0.00171881,0.999977];
Vel_cv(21,:)=[0.204047,-0.0425892,-0.0586899];
t_cv(21,:)=0.699927;
dt_cv(21,:)=0.0360541;
i_cv(21,:)=21;
Pose_cv(21,:,:)=[0.998954,0.0446644,-0.00982762;-0.0448231,0.998857,-0.0165708;0.00907627,0.0169939,0.999814];
Pos_cv(21,:)=[0.0596575,-0.00885709,-0.0429827];
K_cv(21,:)=1;
KLN_cv(21,:)=15027;
Kp_cv(22,:)=1.00151;
RKp_cv(22,:)=3.94775e-06;
Rot_cv(22,:,:)=[0.999982,0.00364286,-0.00469184;-0.00365494,0.99999,-0.00256878;0.00468244,0.00258589,0.999986];
Vel_cv(22,:)=[0.225558,-0.0750999,-0.0760736];
t_cv(22,:)=0.735981;
dt_cv(22,:)=0.031852;
i_cv(22,:)=22;
Pose_cv(22,:,:)=[0.998727,0.0482776,-0.0146292;-0.0485507,0.998641,-0.0189261;0.0136956,0.0196122,0.999714];
Pos_cv(22,:)=[0.0667421,-0.0115448,-0.0453501];
K_cv(22,:)=1;
KLN_cv(22,:)=15229;
Kp_cv(23,:)=1.00183;
RKp_cv(23,:)=3.4746e-06;
Rot_cv(23,:,:)=[0.999979,0.00486649,-0.00425336;-0.00488942,0.999973,-0.00539692;0.00422699,0.00541761,0.999976];
Vel_cv(23,:)=[0.218225,0.0679999,-0.118715];
t_cv(23,:)=0.767833;
dt_cv(23,:)=0.0321319;
i_cv(23,:)=23;
Pose_cv(23,:,:)=[0.998408,0.0530573,-0.0191373;-0.0535124,0.998276,-0.0241087;0.0178252,0.0250944,0.999526];
Pos_cv(23,:)=[0.0739187,-0.00965037,-0.0489763];
K_cv(23,:)=1;
KLN_cv(23,:)=14853;
Kp_cv(24,:)=1.0014;
RKp_cv(24,:)=3.13556e-06;
Rot_cv(24,:,:)=[0.999976,0.00566012,-0.0039771;-0.00567279,0.999979,-0.00318231;0.003959,0.00320479,0.999987];
Vel_cv(24,:)=[0.218012,0.090853,-0.0982942];
t_cv(24,:)=0.799965;
dt_cv(24,:)=0.0359991;
i_cv(24,:)=24;
Pose_cv(24,:,:)=[0.998007,0.058646,-0.0232767;-0.0592696,0.997875,-0.0270724;0.0216395,0.028398,0.999362];
Pos_cv(24,:)=[0.0820141,-0.00676011,-0.0522453];
K_cv(24,:)=1;
KLN_cv(24,:)=14943;
Kp_cv(25,:)=1.00579;
RKp_cv(25,:)=2.72411e-06;
Rot_cv(25,:,:)=[0.999991,0.00350039,-0.00245021;-0.00350226,0.999994,-0.000760875;0.00244753,0.000769449,0.999997];
Vel_cv(25,:)=[0.239403,0.13327,-0.0805752];
t_cv(25,:)=0.835964;
dt_cv(25,:)=0.032048;
i_cv(25,:)=25;
Pose_cv(25,:,:)=[0.997736,0.0621211,-0.0257665;-0.0628302,0.99764,-0.0276863;0.0239858,0.0292426,0.999285];
Pos_cv(25,:)=[0.089955,-0.00293191,-0.0545037];
K_cv(25,:)=1;
KLN_cv(25,:)=15170;
Kp_cv(26,:)=1.00386;
RKp_cv(26,:)=2.42466e-06;
Rot_cv(26,:,:)=[0.999991,0.00138837,-0.00400766;-0.0013815,0.999998,0.00171618;0.00401003,-0.00171063,0.99999];
Vel_cv(26,:)=[0.176575,0.102092,-0.0625967];
t_cv(26,:)=0.868012;
dt_cv(26,:)=0.031812;
i_cv(26,:)=26;
Pose_cv(26,:,:)=[0.997538,0.0635503,-0.0296583;-0.0643189,0.997598,-0.0257221;0.0279524,0.0275664,0.999229];
Pos_cv(26,:)=[0.0958013,-1.33037e-05,-0.0562402];
K_cv(26,:)=1;
KLN_cv(26,:)=15115;
Kp_cv(27,:)=1.00104;
RKp_cv(27,:)=2.38932e-06;
Rot_cv(27,:,:)=[0.999967,0.00231436,-0.00784774;-0.0022896,0.999992,0.00316271;0.007855,-0.00314464,0.999964];
Vel_cv(27,:)=[0.171486,0.140129,-0.0647282];
t_cv(27,:)=0.899824;
dt_cv(27,:)=0.036098;
i_cv(27,:)=27;
Pose_cv(27,:,:)=[0.997126,0.0659517,-0.0372846;-0.0668029,0.997522,-0.0220613;0.0357373,0.0244887,0.999061];
Pos_cv(27,:)=[0.102388,0.00466566,-0.0582274];
K_cv(27,:)=1;
KLN_cv(27,:)=14682;
Kp_cv(28,:)=0.999955;
RKp_cv(28,:)=2.12528e-06;
Rot_cv(28,:,:)=[0.999954,0.00202881,-0.00938134;-0.00196753,0.999977,0.00653716;0.00939438,-0.0065184,0.999935];
Vel_cv(28,:)=[0.231303,0.0730853,-0.0511356];
t_cv(28,:)=0.935922;
dt_cv(28,:)=0.0321231;
i_cv(28,:)=28;
Pose_cv(28,:,:)=[0.9966,0.0682162,-0.0462054;-0.0689697,0.997507,-0.0149122;0.045073,0.0180483,0.998821];
Pos_cv(28,:)=[0.110029,0.00651966,-0.0594909];
K_cv(28,:)=1;
KLN_cv(28,:)=13681;
Kp_cv(29,:)=1.00052;
RKp_cv(29,:)=1.9186e-06;
Rot_cv(29,:,:)=[0.999973,0.000678034,-0.00728889;-0.000647518,0.999991,0.0041882;0.00729166,-0.00418336,0.999965];
Vel_cv(29,:)=[0.268439,-0.0270623,-0.0539997];
t_cv(29,:)=0.968045;
dt_cv(29,:)=0.0318339;
i_cv(29,:)=29;
Pose_cv(29,:,:)=[0.996192,0.0690846,-0.0531822;-0.0697225,0.997514,-0.0102313;0.0523432,0.0139003,0.998532];
Pos_cv(29,:)=[0.118569,0.00508283,-0.0607714];
K_cv(29,:)=1;
KLN_cv(29,:)=14335;
Kp_cv(30,:)=1.00134;
RKp_cv(30,:)=1.8148e-06;
Rot_cv(30,:,:)=[0.999991,0.00169106,-0.0038557;-0.00169372,0.999998,-0.000686429;0.00385453,0.000692953,0.999992];
Vel_cv(30,:)=[0.209869,0.10425,-0.0735877];
t_cv(30,:)=0.999879;
dt_cv(30,:)=0.0360999;
i_cv(30,:)=30;
Pose_cv(30,:,:)=[0.995861,0.0707323,-0.0570702;-0.0714508,0.997387,-0.0106471;0.056168,0.0146807,0.998313];
Pos_cv(30,:)=[0.126521,0.00831901,-0.0629397];
K_cv(30,:)=1;
KLN_cv(30,:)=15662;
Kp_cv(31,:)=1.00142;
RKp_cv(31,:)=1.73677e-06;
Rot_cv(31,:,:)=[0.999997,0.000967915,-0.00230993;-0.000964491,0.999998,0.00148322;0.00231137,-0.00148099,0.999996];
Vel_cv(31,:)=[0.223968,0.183242,-0.0543341];
t_cv(31,:)=1.03598;
dt_cv(31,:)=0.0318022;
i_cv(31,:)=31;
Pose_cv(31,:,:)=[0.995658,0.0717806,-0.0592655;-0.0724372,0.997332,-0.00900263;0.0584612,0.0132566,0.998202];
Pos_cv(31,:)=[0.134123,0.013623,-0.0641692];
K_cv(31,:)=1;
KLN_cv(31,:)=15285;
Kp_cv(32,:)=1.00546;
RKp_cv(32,:)=1.61061e-06;
Rot_cv(32,:,:)=[0.999996,-0.0025023,-0.00133208;0.00251034,0.999978,0.00606377;0.00131688,-0.00606709,0.999981];
Vel_cv(32,:)=[0.171298,0.190712,-0.00526452];
t_cv(32,:)=1.06778;
dt_cv(32,:)=0.0321519;
i_cv(32,:)=32;
Pose_cv(32,:,:)=[0.995756,0.0696472,-0.0601554;-0.0699451,0.997547,-0.00285837;0.0598087,0.00705381,0.998185];
Pos_cv(32,:)=[0.140012,0.0193239,-0.0639666];
K_cv(32,:)=1;
KLN_cv(32,:)=14796;
Kp_cv(33,:)=1.00005;
RKp_cv(33,:)=1.48926e-06;
Rot_cv(33,:,:)=[0.999977,-0.00575898,-0.00360122;0.00579249,0.999939,0.00936331;0.00354708,-0.00938395,0.99995];
Vel_cv(33,:)=[0.13561,0.0508734,-0.0219693];
t_cv(33,:)=1.09993;
dt_cv(33,:)=0.0360649;
i_cv(33,:)=33;
Pose_cv(33,:,:)=[0.995923,0.0644729,-0.0630862;-0.0641753,0.997916,0.006734;0.0633888,-0.00265797,0.997985];
Pos_cv(33,:)=[0.145051,0.0208355,-0.0644521];
K_cv(33,:)=1;
KLN_cv(33,:)=13741;
Kp_cv(34,:)=1.00005;
RKp_cv(34,:)=1.44682e-06;
Rot_cv(34,:,:)=[0.999985,-0.00387348,-0.00376307;0.00390602,0.999955,0.00867688;0.00372929,-0.00869146,0.999955];
Vel_cv(34,:)=[0.202022,0.0401887,-0.0475926];
t_cv(34,:)=1.136;
dt_cv(34,:)=0.0319452;
i_cv(34,:)=34;
Pose_cv(34,:,:)=[0.995925,0.0611606,-0.0662717;-0.0602514,0.998061,0.015634;0.0670993,-0.0115773,0.997679];
Pos_cv(34,:)=[0.151657,0.0217042,-0.0655507];
K_cv(34,:)=1;
KLN_cv(34,:)=14190;
Kp_cv(35,:)=1.00015;
RKp_cv(35,:)=1.39712e-06;
Rot_cv(35,:,:)=[0.999996,-0.002758,-0.000401154;0.00276054,0.999975,0.0064889;0.000383247,-0.00648999,0.999979];
Vel_cv(35,:)=[0.163155,-0.00859561,-0.0556271];
t_cv(35,:)=1.16794;
dt_cv(35,:)=0.03193;
i_cv(35,:)=35;
Pose_cv(35,:,:)=[0.996065,0.0588424,-0.0662729;-0.05749,0.998101,0.0221342;0.0674495,-0.018237,0.997556];
Pos_cv(35,:)=[0.156947,0.0210916,-0.066966];
K_cv(35,:)=1;
KLN_cv(35,:)=14546;
Kp_cv(36,:)=1.00042;
RKp_cv(36,:)=1.37669e-06;
Rot_cv(36,:,:)=[0.999999,0.00126546,0.00100426;-0.00126813,0.999996,0.00265908;-0.00100089,-0.00266035,0.999996];
Vel_cv(36,:)=[0.109616,-0.0387962,-0.0553347];
t_cv(36,:)=1.19987;
dt_cv(36,:)=0.036134;
i_cv(36,:)=36;
Pose_cv(36,:,:)=[0.996055,0.060279,-0.0651159;-0.0587778,0.997965,0.0247304;0.0664741,-0.0208054,0.997571];
Pos_cv(36,:)=[0.160936,0.019411,-0.0686674];
K_cv(36,:)=1;
KLN_cv(36,:)=15042;
Kp_cv(37,:)=1.00031;
RKp_cv(37,:)=1.38565e-06;
Rot_cv(37,:,:)=[0.999992,0.00364973,0.00154887;-0.00364619,0.999991,-0.00228291;-0.00155719,0.00227724,0.999996];
Vel_cv(37,:)=[0.1378,0.0358604,-0.110704];
t_cv(37,:)=1.23601;
dt_cv(37,:)=0.031971;
i_cv(37,:)=37;
Pose_cv(37,:,:)=[0.995929,0.0637655,-0.0637105;-0.0624546,0.997797,0.022361;0.064996,-0.0182909,0.997718];
Pos_cv(37,:)=[0.165621,0.0202004,-0.0719323];
K_cv(37,:)=1;
KLN_cv(37,:)=15359;
Kp_cv(38,:)=0.999893;
RKp_cv(38,:)=1.39866e-06;
Rot_cv(38,:,:)=[0.999988,0.00273941,0.00403888;-0.00273169,0.999994,-0.00191562;-0.00404411,0.00190456,0.99999];
Vel_cv(38,:)=[0.137143,0.0411944,-0.0953588];
t_cv(38,:)=1.26798;
dt_cv(38,:)=0.0320919;
i_cv(38,:)=38;
Pose_cv(38,:,:)=[0.996001,0.066372,-0.0598095;-0.06527,0.997663,0.0201971;0.0610103,-0.0162126,0.998005];
Pos_cv(38,:)=[0.170276,0.0211704,-0.0747396];
K_cv(38,:)=1;
KLN_cv(38,:)=14964;
Kp_cv(39,:)=1.00014;
RKp_cv(39,:)=1.40284e-06;
Rot_cv(39,:,:)=[0.999983,0.00113173,0.00566209;-0.00111309,0.999994,-0.00329475;-0.00566578,0.00328839,0.999979];
Vel_cv(39,:)=[0.0647329,0.0381925,-0.0963783];
t_cv(39,:)=1.30007;
dt_cv(39,:)=0.0359361;
i_cv(39,:)=39;
Pose_cv(39,:,:)=[0.996249,0.0673021,-0.0543875;-0.0664938,0.99765,0.0165401;0.0553729,-0.0128616,0.998383];
Pos_cv(39,:)=[0.172874,0.0223275,-0.0780858];
K_cv(39,:)=1;
KLN_cv(39,:)=14938;
Kp_cv(40,:)=1.00048;
RKp_cv(40,:)=1.39332e-06;
Rot_cv(40,:,:)=[0.999988,0.00256197,0.00410115;-0.00254835,0.999991,-0.00332289;-0.00410963,0.0033124,0.999986];
Vel_cv(40,:)=[0.0603036,0.0945457,-0.128275];
t_cv(40,:)=1.33601;
dt_cv(40,:)=0.032047;
i_cv(40,:)=40;
Pose_cv(40,:,:)=[0.99629,0.0696738,-0.0505246;-0.0691034,0.997525,0.012952;0.051302,-0.00941256,0.998639];
Pos_cv(40,:)=[0.175217,0.0251618,-0.0821185];
K_cv(40,:)=1;
KLN_cv(40,:)=14850;
Kp_cv(41,:)=1.00149;
RKp_cv(41,:)=1.41142e-06;
Rot_cv(41,:,:)=[0.99999,0.000506671,0.00445862;-0.000505092,1,-0.00035533;-0.00445879,0.000353074,0.99999];
Vel_cv(41,:)=[0.102339,0.119992,-0.128718];
t_cv(41,:)=1.36805;
dt_cv(41,:)=0.0318658;
i_cv(41,:)=41;
Pose_cv(41,:,:)=[0.99647,0.0701607,-0.0461068;-0.0696643,0.997495,0.0122894;0.0468535,-0.00903397,0.998861];
Pos_cv(41,:)=[0.178919,0.028693,-0.0860914];
K_cv(41,:)=1;
KLN_cv(41,:)=15182;
Kp_cv(42,:)=1.00012;
RKp_cv(42,:)=1.38075e-06;
Rot_cv(42,:,:)=[0.999973,-0.00293809,0.00668564;0.00291495,0.99999,0.00346783;-0.00669576,-0.00344825,0.999972];
Vel_cv(42,:)=[0.0357517,0.0588157,-0.0997819];
t_cv(42,:)=1.39992;
dt_cv(42,:)=0.0360072;
i_cv(42,:)=42;
Pose_cv(42,:,:)=[0.996956,0.0673913,-0.0392001;-0.066837,0.997647,0.0152824;0.0401378,-0.0126159,0.999115];
Pos_cv(42,:)=[0.180485,0.0306646,-0.0896557];
K_cv(42,:)=1;
KLN_cv(42,:)=14555;
Kp_cv(43,:)=1.00017;
RKp_cv(43,:)=1.38251e-06;
Rot_cv(43,:,:)=[0.999985,-0.00158767,0.00517331;0.00156747,0.999991,0.00390714;-0.00517947,-0.00389897,0.999979];
Vel_cv(43,:)=[0.0102985,0.0663206,-0.140113];
t_cv(43,:)=1.43593;
dt_cv(43,:)=0.032079;
i_cv(43,:)=43;
Pose_cv(43,:,:)=[0.99725,0.0659607,-0.0337784;-0.0653514,0.997685,0.0188342;0.0349426,-0.016575,0.999252];
Pos_cv(43,:)=[0.181107,0.0326806,-0.09417];
K_cv(43,:)=1;
KLN_cv(43,:)=14554;
Kp_cv(44,:)=1.00003;
RKp_cv(44,:)=1.3902e-06;
Rot_cv(44,:,:)=[0.999985,0.00121261,0.0052739;-0.00124059,0.999985,0.00530561;-0.00526739,-0.00531207,0.999972];
Vel_cv(44,:)=[0.0421558,0.0659148,-0.14004];
t_cv(44,:)=1.468;
dt_cv(44,:)=0.0320339;
i_cv(44,:)=44;
Pose_cv(44,:,:)=[0.997332,0.0673484,-0.0281681;-0.0666874,0.99749,0.0237824;0.0296992,-0.0218405,0.99932];
Pos_cv(44,:)=[0.182722,0.03459,-0.0986588];
K_cv(44,:)=1;
KLN_cv(44,:)=14487;
Kp_cv(45,:)=0.999901;
RKp_cv(45,:)=1.38305e-06;
Rot_cv(45,:,:)=[0.999974,0.000835624,0.00712143;-0.000869855,0.999988,0.00480502;-0.00711733,-0.00481109,0.999963];
Vel_cv(45,:)=[0.0203979,1.50835e-05,-0.107278];
t_cv(45,:)=1.50004;
dt_cv(45,:)=0.0359421;
i_cv(45,:)=45;
Pose_cv(45,:,:)=[0.997448,0.0683165,-0.0207411;-0.0677226,0.997308,0.0280996;0.0226049,-0.0266232,0.99939];
Pos_cv(45,:)=[0.183534,0.0344325,-0.102496];
K_cv(45,:)=1;
KLN_cv(45,:)=13954;
Kp_cv(46,:)=0.999942;
RKp_cv(46,:)=1.37998e-06;
Rot_cv(46,:,:)=[0.999967,-0.00185173,0.00792117;0.00184872,0.999998,0.000386062;-0.00792187,-0.000371405,0.999969];
Vel_cv(46,:)=[0.00124729,0.0133176,-0.148473];
t_cv(46,:)=1.53598;
dt_cv(46,:)=0.031992;
i_cv(46,:)=46;
Pose_cv(46,:,:)=[0.997706,0.0664771,-0.0128131;-0.0660992,0.997422,0.0279473;0.0146379,-0.0270362,0.999527];
Pos_cv(46,:)=[0.183663,0.0347221,-0.107255];
K_cv(46,:)=1;
KLN_cv(46,:)=14170;
Kp_cv(47,:)=1.00033;
RKp_cv(47,:)=1.38337e-06;
Rot_cv(47,:,:)=[0.99997,-0.00160698,0.00758121;0.00162235,0.999997,-0.0020218;-0.00757794,0.00203404,0.999969];
Vel_cv(47,:)=[-0.0285967,0.103944,-0.163026];
t_cv(47,:)=1.56797;
dt_cv(47,:)=0.0320001;
i_cv(47,:)=47;
Pose_cv(47,:,:)=[0.997881,0.0648475,-0.00538327;-0.0646909,0.997581,0.0254287;0.00701923,-0.0250266,0.999662];
Pos_cv(47,:)=[0.182993,0.0379657,-0.112558];
K_cv(47,:)=1;
KLN_cv(47,:)=14198;
Kp_cv(48,:)=1.00022;
RKp_cv(48,:)=1.3819e-06;
Rot_cv(48,:,:)=[0.999983,-0.00140444,0.00564142;0.00140176,0.999999,0.000478877;-0.00564208,-0.000470961,0.999984];
Vel_cv(48,:)=[-0.0167278,0.14556,-0.132599];
t_cv(48,:)=1.59997;
dt_cv(48,:)=0.035979;
i_cv(48,:)=48;
Pose_cv(48,:,:)=[0.997985,0.0634485,0.000277334;-0.0634349,0.997659,0.0255411;0.00134386,-0.0255072,0.999674];
Pos_cv(48,:)=[0.182724,0.0431058,-0.117461];
K_cv(48,:)=1;
KLN_cv(48,:)=14430;
Kp_cv(49,:)=1.00046;
RKp_cv(49,:)=1.34664e-06;
Rot_cv(49,:,:)=[0.999963,-0.00578743,0.00643362;0.00576807,0.999979,0.00302408;-0.00645099,-0.00298685,0.999975];
Vel_cv(49,:)=[0.0070415,0.108997,-0.138762];
t_cv(49,:)=1.63595;
dt_cv(49,:)=0.0320709;
i_cv(49,:)=49;
Pose_cv(49,:,:)=[0.998312,0.0576706,0.00688986;-0.0578427,0.997929,0.0281493;-0.0052522,-0.0285003,0.99958];
Pos_cv(49,:)=[0.18312,0.0464543,-0.122008];
K_cv(49,:)=1;
KLN_cv(49,:)=14130;
Kp_cv(50,:)=1.00012;
RKp_cv(50,:)=1.40025e-06;
Rot_cv(50,:,:)=[0.999944,-0.00795865,0.00700517;0.0079294,0.99996,0.0041939;-0.00703827,-0.00413811,0.999967];
Vel_cv(50,:)=[-0.0622282,0.194692,-0.15925];
t_cv(50,:)=1.66802;
dt_cv(50,:)=0.0319071;
i_cv(50,:)=50;
Pose_cv(50,:,:)=[0.998665,0.0496945,0.0141248;-0.0501246,0.998232,0.0319284;-0.0125132,-0.0325937,0.99939];
Pos_cv(50,:)=[0.181374,0.0525919,-0.127263];
K_cv(50,:)=1;
KLN_cv(50,:)=13531;
Kp_cv(51,:)=0.999593;
RKp_cv(51,:)=1.29629e-06;
Rot_cv(51,:,:)=[0.999988,-0.00139333,0.00461345;0.00135255,0.99996,0.00883068;-0.00462557,-0.00882434,0.99995];
Vel_cv(51,:)=[-0.0606719,0.100046,-0.120475];
t_cv(51,:)=1.69993;
dt_cv(51,:)=0.0360949;
i_cv(51,:)=51;
Pose_cv(51,:,:)=[0.998655,0.0481764,0.0191703;-0.0489215,0.997981,0.0405106;-0.0171799,-0.041394,0.998995];
Pos_cv(51,:)=[0.179277,0.0561282,-0.131721];
K_cv(51,:)=1;
KLN_cv(51,:)=12405;
Kp_cv(52,:)=1.00014;
RKp_cv(52,:)=1.25827e-06;
Rot_cv(52,:,:)=[0.999995,0.0015199,0.00260387;-0.00153448,0.999983,0.00560581;-0.0025953,-0.00560978,0.999981];
Vel_cv(52,:)=[-0.0647907,0.0675297,-0.154181];
t_cv(52,:)=1.73602;
dt_cv(52,:)=0.032048;
i_cv(52,:)=52;
Pose_cv(52,:,:)=[0.998527,0.0495859,0.0220403;-0.0505578,0.997662,0.0459769;-0.019709,-0.0470235,0.998699];
Pos_cv(52,:)=[0.177202,0.0581648,-0.136715];
K_cv(52,:)=1;
KLN_cv(52,:)=12239;
Kp_cv(53,:)=1.00029;
RKp_cv(53,:)=1.30372e-06;
Rot_cv(53,:,:)=[0.999999,0.00127583,0.00113674;-0.00128024,0.999992,0.00389186;-0.00113177,-0.00389331,0.999992];
Vel_cv(53,:)=[-0.0259861,0.20028,-0.166892];
t_cv(53,:)=1.76807;
dt_cv(53,:)=0.031935;
i_cv(53,:)=53;
Pose_cv(53,:,:)=[0.998437,0.0507736,0.0233682;-0.0518871,0.99741,0.0498018;-0.0207791,-0.0509365,0.998486];
Pos_cv(53,:)=[0.176574,0.0643201,-0.142344];
K_cv(53,:)=1;
KLN_cv(53,:)=12409;
Kp_cv(54,:)=1.00014;
RKp_cv(54,:)=1.25024e-06;
Rot_cv(54,:,:)=[0.999995,0.00118234,0.00291864;-0.00120426,0.999971,0.00751844;-0.00290966,-0.00752192,0.999967];
Vel_cv(54,:)=[0.00368617,0.15079,-0.115181];
t_cv(54,:)=1.80001;
dt_cv(54,:)=0.0360219;
i_cv(54,:)=54;
Pose_cv(54,:,:)=[0.998303,0.0517769,0.0266632;-0.0532328,0.996946,0.0571478;-0.0236229,-0.0584701,0.99801];
Pos_cv(54,:)=[0.176877,0.0694903,-0.146805];
K_cv(54,:)=1;
KLN_cv(54,:)=11623;
Kp_cv(55,:)=0.999943;
RKp_cv(55,:)=1.22006e-06;
Rot_cv(55,:,:)=[0.99999,-0.00180101,0.00402635;0.00177151,0.999972,0.00731769;-0.00403941,-0.00731048,0.999965];
Vel_cv(55,:)=[-0.0194931,0.128729,-0.13792];
t_cv(55,:)=1.83603;
dt_cv(55,:)=0.0318391;
i_cv(55,:)=55;
Pose_cv(55,:,:)=[0.998277,0.0497826,0.0310607;-0.0516971,0.996595,0.0642268;-0.0277576,-0.0657218,0.997452];
Pos_cv(55,:)=[0.176325,0.0733253,-0.151437];
K_cv(55,:)=1;
KLN_cv(55,:)=11022;
Kp_cv(56,:)=1.00024;
RKp_cv(56,:)=1.27274e-06;
Rot_cv(56,:,:)=[0.999987,-0.00312266,0.00405275;0.00309476,0.999972,0.00687226;-0.00407409,-0.00685962,0.999968];
Vel_cv(56,:)=[0.0265149,0.196801,-0.121724];
t_cv(56,:)=1.86787;
dt_cv(56,:)=0.0321269;
i_cv(56,:)=56;
Pose_cv(56,:,:)=[0.998291,0.0464508,0.0354476;-0.0488738,0.996288,0.0708641;-0.0320243,-0.0724754,0.996856];
Pos_cv(56,:)=[0.177331,0.0793042,-0.15582];
K_cv(56,:)=1;
KLN_cv(56,:)=10760;
Kp_cv(57,:)=1.00042;
RKp_cv(57,:)=1.33463e-06;
Rot_cv(57,:,:)=[0.999961,-0.00694067,0.0054259;0.00689486,0.999941,0.00841601;-0.00548399,-0.00837828,0.99995];
Vel_cv(57,:)=[0.0266767,0.184066,-0.0740504];
t_cv(57,:)=1.9;
dt_cv(57,:)=0.0360322;
i_cv(57,:)=57;
Pose_cv(57,:,:)=[0.998379,0.0392222,0.0412534;-0.0423913,0.995974,0.0789801;-0.0379896,-0.0806008,0.996022];
Pos_cv(57,:)=[0.17844,0.0856557,-0.159047];
K_cv(57,:)=1;
KLN_cv(57,:)=10019;
Kp_cv(58,:)=1.00013;
RKp_cv(58,:)=1.39739e-06;
Rot_cv(58,:,:)=[0.999978,-0.00457126,0.00488451;0.00451912,0.999933,0.010633;-0.00493279,-0.0106107,0.999932];
Vel_cv(58,:)=[-0.0379172,0.160082,-0.0934871];
t_cv(58,:)=1.93603;
dt_cv(58,:)=0.0319798;
i_cv(58,:)=58;
Pose_cv(58,:,:)=[0.99833,0.0342181,0.0465442;-0.038279,0.995264,0.0893578;-0.0432661,-0.0909903,0.994911];
Pos_cv(58,:)=[0.177265,0.0905294,-0.162435];
K_cv(58,:)=1;
KLN_cv(58,:)=9274;
Kp_cv(59,:)=0.999895;
RKp_cv(59,:)=1.32896e-06;
Rot_cv(59,:,:)=[0.999999,0.000829085,0.000692345;-0.000835532,0.999956,0.00936299;-0.000684552,-0.00936356,0.999956];
Vel_cv(59,:)=[-0.00627904,0.155882,-0.078782];
t_cv(59,:)=1.96801;
dt_cv(59,:)=0.0319331;
i_cv(59,:)=59;
Pose_cv(59,:,:)=[0.998269,0.0346084,0.0475537;-0.0391717,0.994351,0.098646;-0.0438711,-0.100338,0.993986];
Pos_cv(59,:)=[0.177118,0.0952393,-0.165426];
K_cv(59,:)=1;
KLN_cv(59,:)=9166;
Kp_cv(60,:)=0.999985;
RKp_cv(60,:)=1.21936e-06;
Rot_cv(60,:,:)=[0.999998,0.00189179,2.26106e-05;-0.00189191,0.999962,0.00854766;-6.43938e-06,-0.00854768,0.999963];
Vel_cv(60,:)=[0.0492188,0.0465158,-0.100005];
t_cv(60,:)=1.99994;
dt_cv(60,:)=0.0361099;
i_cv(60,:)=60;
Pose_cv(60,:,:)=[0.998201,0.0360891,0.0478704;-0.0410535,0.993396,0.107141;-0.0436876,-0.108913,0.993091];
Pos_cv(60,:)=[0.17878,0.096448,-0.169273];
K_cv(60,:)=1;
KLN_cv(60,:)=9579;
Kp_cv(61,:)=1.00005;
RKp_cv(61,:)=1.1991e-06;
Rot_cv(61,:,:)=[0.999994,0.00255999,0.0021765;-0.0025681,0.99999,0.00373265;-0.00216692,-0.00373822,0.999991];
Vel_cv(61,:)=[0.0717406,0.11717,-0.109863];
t_cv(61,:)=2.03605;
dt_cv(61,:)=0.031939;
i_cv(61,:)=61;
Pose_cv(61,:,:)=[0.997999,0.0384652,0.0501772;-0.0438366,0.99288,0.110759;-0.0455596,-0.112737,0.99258];
Pos_cv(61,:)=[0.181034,0.0996744,-0.173282];
K_cv(61,:)=1;
KLN_cv(61,:)=10354;
Kp_cv(62,:)=1.00004;
RKp_cv(62,:)=1.22975e-06;
Rot_cv(62,:,:)=[0.999985,0.00187672,0.00507843;-0.00189924,0.999988,0.00443396;-0.00507005,-0.00444354,0.999977];
Vel_cv(62,:)=[0.100579,0.0614218,-0.117445];
t_cv(62,:)=2.06799;
dt_cv(62,:)=0.031847;
i_cv(62,:)=62;
Pose_cv(62,:,:)=[0.997657,0.0401147,0.0554149;-0.0462832,0.992294,0.114936;-0.0503773,-0.117231,0.991826];
Pos_cv(62,:)=[0.184101,0.101037,-0.177382];
K_cv(62,:)=1;
KLN_cv(62,:)=10040;
Kp_cv(63,:)=0.999968;
RKp_cv(63,:)=1.23843e-06;
Rot_cv(63,:,:)=[0.999971,-0.000831945,0.00758435;0.000821986,0.999999,0.00131612;-0.00758543,-0.00130985,0.99997];
Vel_cv(63,:)=[0.050646,0.067978,-0.0872438];
t_cv(63,:)=2.09984;
dt_cv(63,:)=0.0361772;
i_cv(63,:)=63;
Pose_cv(63,:,:)=[0.997241,0.0392121,0.0630326;-0.0463381,0.992181,0.115887;-0.0579956,-0.118488,0.99126];
Pos_cv(63,:)=[0.185826,0.103027,-0.180909];
K_cv(63,:)=1;
KLN_cv(63,:)=9737;
Kp_cv(64,:)=0.999917;
RKp_cv(64,:)=1.23797e-06;
Rot_cv(64,:,:)=[0.999989,0.000363972,0.00459046;-0.000368581,0.999999,0.00100319;-0.00459009,-0.00100487,0.999989];
Vel_cv(64,:)=[0.043936,0.0827946,-0.0781569];
t_cv(64,:)=2.13601;
dt_cv(64,:)=0.0320568;
i_cv(64,:)=64;
Pose_cv(64,:,:)=[0.996926,0.0395117,0.0676491;-0.0472352,0.992047,0.116669;-0.0625013,-0.119506,0.990864];
Pos_cv(64,:)=[0.187165,0.105301,-0.183797];
K_cv(64,:)=1;
KLN_cv(64,:)=10062;
Kp_cv(65,:)=0.999927;
RKp_cv(65,:)=1.23026e-06;
Rot_cv(65,:,:)=[0.999997,0.00172551,0.00179281;-0.00172522,0.999998,-0.000160421;-0.00179308,0.000157327,0.999998];
Vel_cv(65,:)=[0.0711237,0.0196945,-0.0956865];
t_cv(65,:)=2.16807;
dt_cv(65,:)=0.0318801;
i_cv(65,:)=65;
Pose_cv(65,:,:)=[0.996734,0.0412425,0.0694299;-0.0491558,0.991982,0.116425;-0.0640716,-0.119457,0.99077];
Pos_cv(65,:)=[0.18924,0.105457,-0.18704];
K_cv(65,:)=1;
KLN_cv(65,:)=10198;
Kp_cv(66,:)=0.999956;
RKp_cv(66,:)=1.24282e-06;
Rot_cv(66,:,:)=[1,-0.000226381,0.000374101;0.00022717,0.999998,-0.00210956;-0.000373622,0.00210965,0.999998];
Vel_cv(66,:)=[0.0723637,0.0757216,-0.0863739];
t_cv(66,:)=2.19995;
dt_cv(66,:)=0.0360749;
i_cv(66,:)=66;
Pose_cv(66,:,:)=[0.996717,0.0411633,0.0697156;-0.0489739,0.992237,0.114313;-0.0644689,-0.117352,0.990996];
Pos_cv(66,:)=[0.191737,0.107684,-0.190617];
K_cv(66,:)=1;
KLN_cv(66,:)=10221;
Kp_cv(67,:)=1.00002;
RKp_cv(67,:)=1.24506e-06;
Rot_cv(67,:,:)=[1,-0.00030589,-0.000906741;0.000305323,1,-0.000626417;0.000906932,0.00062614,0.999999];
Vel_cv(67,:)=[0.0922754,0.033401,-0.0828119];
t_cv(67,:)=2.23603;
dt_cv(67,:)=0.0320802;
i_cv(67,:)=67;
Pose_cv(67,:,:)=[0.996793,0.040902,0.0687861;-0.0485672,0.992323,0.113736;-0.063606,-0.116712,0.991127];
Pos_cv(67,:)=[0.194549,0.108301,-0.193563];
K_cv(67,:)=1;
KLN_cv(67,:)=10304;
Kp_cv(68,:)=0.999993;
RKp_cv(68,:)=1.25581e-06;
Rot_cv(68,:,:)=[0.999998,-0.00188262,-0.00099215;0.00188168,0.999998,-0.000941825;0.000993921,0.000939956,0.999999];
Vel_cv(68,:)=[0.114783,0.0269627,-0.0936688];
t_cv(68,:)=2.26811;
dt_cv(68,:)=0.031997;
i_cv(68,:)=68;
Pose_cv(68,:,:)=[0.996936,0.03909,0.0677585;-0.0465869,0.992519,0.11285;-0.0628403,-0.115661,0.991299];
Pos_cv(68,:)=[0.198041,0.108648,-0.196865];
K_cv(68,:)=1;
KLN_cv(68,:)=10270;
Kp_cv(69,:)=1.00016;
RKp_cv(69,:)=1.27463e-06;
Rot_cv(69,:,:)=[0.999996,-0.00288376,-0.00039041;0.00288318,0.999995,-0.00146151;0.000394623,0.00146038,0.999999];
Vel_cv(69,:)=[0.0998115,0.0110657,-0.0647608];
t_cv(69,:)=2.3001;
dt_cv(69,:)=0.0359859;
i_cv(69,:)=69;
Pose_cv(69,:,:)=[0.997071,0.0363138,0.0673121;-0.0436805,0.992813,0.111417;-0.0627823,-0.114031,0.991491];
Pos_cv(69,:)=[0.201479,0.108627,-0.199446];
K_cv(69,:)=1;
KLN_cv(69,:)=10172;
Kp_cv(70,:)=0.999953;
RKp_cv(70,:)=1.26159e-06;
Rot_cv(70,:,:)=[0.999997,-0.00255499,-0.000633007;0.00255367,0.999995,-0.00206952;0.000638291,0.00206789,0.999998];
Vel_cv(70,:)=[0.118006,0.0184346,-0.0732577];
t_cv(70,:)=2.33609;
dt_cv(70,:)=0.0318351;
i_cv(70,:)=70;
Pose_cv(70,:,:)=[0.997203,0.0339053,0.0666056;-0.0410739,0.99315,0.10939;-0.0624405,-0.11182,0.991765];
Pos_cv(70,:)=[0.20509,0.1088,-0.202059];
K_cv(70,:)=1;
KLN_cv(70,:)=10142;
Kp_cv(71,:)=1.00003;
RKp_cv(71,:)=1.28918e-06;
Rot_cv(71,:,:)=[0.999998,-0.000845042,-0.00175152;0.000839075,0.999994,-0.00340497;0.00175439,0.00340349,0.999993];
Vel_cv(71,:)=[0.117095,0.0335355,-0.0606566];
t_cv(71,:)=2.36792;
dt_cv(71,:)=0.032228;
i_cv(71,:)=71;
Pose_cv(71,:,:)=[0.997347,0.0332891,0.0647431;-0.0400486,0.993551,0.106079;-0.0607942,-0.108391,0.992248];
Pos_cv(71,:)=[0.208763,0.109516,-0.204345];
K_cv(71,:)=1;
KLN_cv(71,:)=10361;
Kp_cv(72,:)=1.00009;
RKp_cv(72,:)=1.28836e-06;
Rot_cv(72,:,:)=[0.999995,0.000253512,-0.00312826;-0.000262027,0.999996,-0.00272181;0.00312756,0.00272262,0.999991];
Vel_cv(72,:)=[0.131413,0.0194132,-0.0633065];
t_cv(72,:)=2.40015;
dt_cv(72,:)=0.035892;
i_cv(72,:)=72;
Pose_cv(72,:,:)=[0.997535,0.0337181,0.0615319;-0.039977,0.993826,0.103499;-0.0576622,-0.105704,0.992724];
Pos_cv(72,:)=[0.213351,0.109784,-0.206946];
K_cv(72,:)=1;
KLN_cv(72,:)=10329;
Kp_cv(73,:)=1.00004;
RKp_cv(73,:)=1.29633e-06;
Rot_cv(73,:,:)=[0.999993,0.000807569,-0.00356709;-0.000819756,0.999994,-0.00341636;0.00356431,0.00341927,0.999988];
Vel_cv(73,:)=[0.160969,0.0324886,-0.0529886];
t_cv(73,:)=2.43604;
dt_cv(73,:)=0.0320039;
i_cv(73,:)=73;
Pose_cv(73,:,:)=[0.99772,0.0347339,0.0578577;-0.0404225,0.994141,0.100246;-0.0540368,-0.102356,0.993279];
Pos_cv(73,:)=[0.218429,0.11044,-0.209015];
K_cv(73,:)=1;
KLN_cv(73,:)=10342;
Kp_cv(74,:)=1.00029;
RKp_cv(74,:)=1.2845e-06;
Rot_cv(74,:,:)=[0.999986,0.00291643,-0.00449267;-0.00292967,0.999991,-0.00294295;0.00448405,0.00295607,0.999986];
Vel_cv(74,:)=[0.170802,0.0383261,-0.0585197];
t_cv(74,:)=2.46805;
dt_cv(74,:)=0.0319929;
i_cv(74,:)=74;
Pose_cv(74,:,:)=[0.997864,0.0378144,0.0532722;-0.0428849,0.994311,0.0975;-0.0492822,-0.0995763,0.993809];
Pos_cv(74,:)=[0.223827,0.111242,-0.211267];
K_cv(74,:)=1;
KLN_cv(74,:)=10369;
Kp_cv(75,:)=1.0001;
RKp_cv(75,:)=1.27577e-06;
Rot_cv(75,:,:)=[0.999977,0.00433979,-0.00527126;-0.00435,0.999989,-0.00192727;0.00526284,0.00195015,0.999984];
Vel_cv(75,:)=[0.189423,-0.0165167,-0.0486426];
t_cv(75,:)=2.50004;
dt_cv(75,:)=0.0360861;
i_cv(75,:)=75;
Pose_cv(75,:,:)=[0.997956,0.0422484,0.0479385;-0.046696,0.994304,0.0958082;-0.0436177,-0.097851,0.994245];
Pos_cv(75,:)=[0.230538,0.110162,-0.213252];
K_cv(75,:)=1;
KLN_cv(75,:)=10438;
Kp_cv(76,:)=0.999957;
RKp_cv(76,:)=1.26025e-06;
Rot_cv(76,:,:)=[0.999983,0.00461889,-0.00355855;-0.00463101,0.999983,-0.00340401;0.00354277,0.00342043,0.999988];
Vel_cv(76,:)=[0.237806,0.0126649,-0.0474418];
t_cv(76,:)=2.53613;
dt_cv(76,:)=0.031852;
i_cv(76,:)=76;
Pose_cv(76,:,:)=[0.997914,0.0470211,0.0442428;-0.0509605,0.9944,0.0925886;-0.0396414,-0.0946501,0.994721];
Pos_cv(76,:)=[0.23805,0.110037,-0.215093];
K_cv(76,:)=1;
KLN_cv(76,:)=10461;
Kp_cv(77,:)=0.999602;
RKp_cv(77,:)=1.26085e-06;
Rot_cv(77,:,:)=[0.999983,0.00461928,-0.00355898;-0.0046314,0.999983,-0.00340391;0.00354319,0.00342034,0.999988];
Vel_cv(77,:)=[0.235495,0.0125443,-0.0469788];
t_cv(77,:)=2.56798;
dt_cv(77,:)=0.0321519;
i_cv(77,:)=77;
Pose_cv(77,:,:)=[0.997836,0.0517813,0.0405307;-0.055237,0.994464,0.089384;-0.0356779,-0.0914293,0.995172];
Pos_cv(77,:)=[0.245567,0.109885,-0.216904];
K_cv(77,:)=1;
KLN_cv(77,:)=10548;
Kp_cv(78,:)=1.00008;
RKp_cv(78,:)=1.24044e-06;
Rot_cv(78,:,:)=[0.999972,0.00590665,-0.00466562;-0.00592722,0.999973,-0.00440582;0.00463947,0.00443335,0.999979];
Vel_cv(78,:)=[0.207482,0.0660389,-0.00523763];
t_cv(78,:)=2.60013;
dt_cv(78,:)=0.0359771;
i_cv(78,:)=78;
Pose_cv(78,:,:)=[0.997688,0.0578534,0.0356462;-0.0607151,0.994507,0.0852584;-0.0305179,-0.0872256,0.995721];
Pos_cv(78,:)=[0.253145,0.111778,-0.217527];
K_cv(78,:)=1;
KLN_cv(78,:)=10419;
Kp_cv(79,:)=1.00014;
RKp_cv(79,:)=1.23255e-06;
Rot_cv(79,:,:)=[0.999952,0.00686327,-0.00696087;-0.00687664,0.999975,-0.00189918;0.00694766,0.00194696,0.999974];
Vel_cv(79,:)=[0.227744,0.0828085,-0.00476264];
t_cv(79,:)=2.63611;
dt_cv(79,:)=0.0318379;
i_cv(79,:)=79;
Pose_cv(79,:,:)=[0.997491,0.0647688,0.0285906;-0.0669588,0.994231,0.0837901;-0.0229987,-0.0854942,0.996073];
Pos_cv(79,:)=[0.260543,0.113901,-0.21807];
K_cv(79,:)=1;
KLN_cv(79,:)=10543;
Kp_cv(80,:)=0.999891;
RKp_cv(80,:)=1.19847e-06;
Rot_cv(80,:,:)=[0.999945,0.00637699,-0.00834638;-0.00637255,0.99998,0.000558453;0.00834977,-0.000505234,0.999965];
Vel_cv(80,:)=[0.265,-0.00150783,-0.0255096];
t_cv(80,:)=2.66795;
dt_cv(80,:)=0.0320821;
i_cv(80,:)=80;
Pose_cv(80,:,:)=[0.997262,0.071114,0.0203003;-0.0725912,0.993742,0.0849013;-0.0141356,-0.0861424,0.996183];
Pos_cv(80,:)=[0.269002,0.113166,-0.219001];
K_cv(80,:)=1;
KLN_cv(80,:)=10483;
Kp_cv(81,:)=0.999892;
RKp_cv(81,:)=1.17905e-06;
Rot_cv(81,:,:)=[0.999961,0.00432454,-0.00772713;-0.00432529,0.999991,-8.02059e-05;0.00772671,0.000113625,0.99997];
Vel_cv(81,:)=[0.238577,0.0107914,-0.0224869];
t_cv(81,:)=2.70003;
dt_cv(81,:)=0.036094;
i_cv(81,:)=81;
Pose_cv(81,:,:)=[0.997072,0.0754283,0.012588;-0.0762306,0.993428,0.08538;-0.00606525,-0.0860895,0.996269];
Pos_cv(81,:)=[0.277608,0.112827,-0.219896];
K_cv(81,:)=1;
KLN_cv(81,:)=10684;
Kp_cv(82,:)=0.999719;
RKp_cv(82,:)=1.14724e-06;
Rot_cv(82,:,:)=[0.999963,0.00449095,-0.00732162;-0.00448822,0.99999,0.000389236;0.00732329,-0.000356361,0.999973];
Vel_cv(82,:)=[0.251994,0.00220421,-0.0148777];
t_cv(82,:)=2.73612;
dt_cv(82,:)=0.031996;
i_cv(82,:)=82;
Pose_cv(82,:,:)=[0.996789,0.0799009,0.00531689;-0.0800612,0.993045,0.0863225;0.00161733,-0.0864709,0.996253];
Pos_cv(82,:)=[0.285651,0.112211,-0.220363];
K_cv(82,:)=1;
KLN_cv(82,:)=10756;
Kp_cv(83,:)=0.999963;
RKp_cv(83,:)=1.13909e-06;
Rot_cv(83,:,:)=[0.999953,0.0056203,-0.00784984;-0.00562315,0.999984,-0.000341383;0.0078478,0.000385508,0.999969];
Vel_cv(83,:)=[0.2565,-0.0141831,-0.021179];
t_cv(83,:)=2.76812;
dt_cv(83,:)=0.0319309;
i_cv(83,:)=83;
Pose_cv(83,:,:)=[0.996335,0.0855039,-0.00253518;-0.0849641,0.992613,0.0866093;0.00992189,-0.0860764,0.996239];
Pos_cv(83,:)=[0.293774,0.111007,-0.220917];
K_cv(83,:)=1;
KLN_cv(83,:)=10877;
Kp_cv(84,:)=0.999924;
RKp_cv(84,:)=1.12608e-06;
Rot_cv(84,:,:)=[0.999951,0.0057067,-0.00813461;-0.00573033,0.999979,-0.0028851;0.00811797,0.00293157,0.999963];
Vel_cv(84,:)=[0.21255,-0.0139082,-0.0132596];
t_cv(84,:)=2.80005;
dt_cv(84,:)=0.0360281;
i_cv(84,:)=84;
Pose_cv(84,:,:)=[0.995775,0.0911805,-0.0108866;-0.0899448,0.992361,0.0844334;0.0185021,-0.0830975,0.99637];
Pos_cv(84,:)=[0.30136,0.10978,-0.221209];
K_cv(84,:)=1;
KLN_cv(84,:)=10868;
Kp_cv(85,:)=0.99994;
RKp_cv(85,:)=1.1396e-06;
Rot_cv(85,:,:)=[0.999934,0.00626108,-0.00967404;-0.0063053,0.99997,-0.00454735;0.00964527,0.00460804,0.999943];
Vel_cv(85,:)=[0.2391,0.0550449,-0.033294];
t_cv(85,:)=2.83608;
dt_cv(85,:)=0.0320089;
i_cv(85,:)=85;
Pose_cv(85,:,:)=[0.995029,0.0973622,-0.0209337;-0.0953816,0.992157,0.0807861;0.0286351,-0.0783878,0.996512];
Pos_cv(85,:)=[0.309169,0.110712,-0.22219];
K_cv(85,:)=1;
KLN_cv(85,:)=10808;
Kp_cv(86,:)=0.99999;
RKp_cv(86,:)=1.13183e-06;
Rot_cv(86,:,:)=[0.999932,0.00667157,-0.00954455;-0.00669294,0.999975,-0.00220921;0.00952957,0.00227294,0.999952];
Vel_cv(86,:)=[0.260438,0.0187013,-0.0530609];
t_cv(86,:)=2.86809;
dt_cv(86,:)=0.0319841;
i_cv(86,:)=86;
Pose_cv(86,:,:)=[0.99411,0.103951,-0.0306449;-0.101246,0.99168,0.0795007;0.0386541,-0.0759298,0.996364];
Pos_cv(86,:)=[0.317564,0.110327,-0.223605];
K_cv(86,:)=1;
KLN_cv(86,:)=10796;
Kp_cv(87,:)=1.00014;
RKp_cv(87,:)=1.09154e-06;
Rot_cv(87,:,:)=[0.99996,0.00575373,-0.00677847;-0.00576986,0.999981,-0.00236146;0.00676476,0.00240048,0.999974];
Vel_cv(87,:)=[0.233799,0.00405752,-0.0449839];
t_cv(87,:)=2.90007;
dt_cv(87,:)=0.0358899;
i_cv(87,:)=87;
Pose_cv(87,:,:)=[0.993264,0.109595,-0.0376282;-0.106426,0.991269,0.0778431;0.0458308,-0.0733142,0.996255];
Pos_cv(87,:)=[0.325974,0.109453,-0.224839];
K_cv(87,:)=1;
KLN_cv(87,:)=10970;
Kp_cv(88,:)=1.00006;
RKp_cv(88,:)=1.08464e-06;
Rot_cv(88,:,:)=[0.999984,0.0040493,-0.00383579;-0.00405726,0.99999,-0.0020701;0.00382737,0.00208563,0.999991];
Vel_cv(88,:)=[0.217381,0.0642949,-0.017069];
t_cv(88,:)=2.93596;
dt_cv(88,:)=0.0320041;
i_cv(88,:)=88;
Pose_cv(88,:,:)=[0.99266,0.113537,-0.0416646;-0.110148,0.99099,0.0761986;0.0499406,-0.07105,0.996222];
Pos_cv(88,:)=[0.333136,0.110684,-0.225182];
K_cv(88,:)=1;
KLN_cv(88,:)=11388;
Kp_cv(89,:)=0.999942;
RKp_cv(89,:)=1.06812e-06;
Rot_cv(89,:,:)=[0.999987,0.00399811,-0.00324264;-0.00399685,0.999992,0.000396751;0.0032442,-0.000383785,0.999995];
Vel_cv(89,:)=[0.213421,0.0206817,-0.0290161];
t_cv(89,:)=2.96796;
dt_cv(89,:)=0.03213;
i_cv(89,:)=89;
