Kp_cv(1,:)=1.3634673022570141e+00;
RKp_cv(1,:)=3.1839605068981799e-02;
Rot_cv(1,:,:)=[9.9999998404726587e-01,1.2823094579556896e-05,-1.7816014109933777e-04;-1.2790090024347001e-05,9.9999998275903901e-01,1.8525208815262808e-04;1.7816251353273315e-04,-1.8524980651310748e-04,9.9999996697031390e-01];
Vel_cv(1,:)=[6.9818408630210613e-03,-1.0223907964137857e-02,2.8174489003172814e-03];
t_cv(1,:)=6.7940429089999998e+03;
dt_cv(1,:)=2.0000000000436557e-02;
i_cv(1,:)=-1;
Pose_cv(1,:,:)=[1.0000000000000000e+00,0.0000000000000000e+00,0.0000000000000000e+00;0.0000000000000000e+00,1.0000000000000000e+00,0.0000000000000000e+00;0.0000000000000000e+00,0.0000000000000000e+00,1.0000000000000000e+00];
Pos_cv(1,:)=[0.0000000000000000e+00,0.0000000000000000e+00,0.0000000000000000e+00];
K_cv(1,:)=1.0000000000000000e+00;
KLN_cv(1,:)=7000;
Giro_cv(1,:)=[-6.2698020623124994e-03,-1.1103811342500002e-02,-3.4690367149999989e-04];
Acel_cv(1,:)=[1.2134903782500002e+00,-9.1351014300000006e+00,3.1487426774999999e-01];
CAcel_cv(1,:)=[1.2134903782500002e+00,-9.1351014300000006e+00,3.1487426774999999e-01];
DGiro_cv(1,:)=[1.2323162514999998e-01,7.6814657100000044e-02,7.6729826695000003e-01];
GBias_cv(1,:)=[-2.0725500151036234e-08,-4.9279535454625191e-08,7.7470530788248671e-08];
dWv_cv(1,:)=[-2.1030362253955036e-04,-3.0752489894055453e-04,5.4899264594825248e-05];
dWgv_cv(1,:)=[-3.6434732460520844e-08,-8.6631766518708077e-08,1.3619058851533955e-07];
g_cv(1,:)=[0.0000000000000000e+00,0.0000000000000000e+00,0.0000000000000000e+00];
VBias_cv(1,:)=[0.0000000000000000e+00,0.0000000000000000e+00,0.0000000000000000e+00];
Av_cv(1,:)=[3.4909204314343312e-01,-5.1119539819573467e-01,1.4087244501278909e-01];
As_cv(1,:)=[3.1209319406250013e-01,-2.2741440221250002e+00,7.7097954937500005e-02];
Posgv_cv(1,:)=[0.0000000000000000e+00,0.0000000000000000e+00,0.0000000000000000e+00];
Kp_cv(2,:)=1.0554793618136815e+00;
RKp_cv(2,:)=1.7731938792470776e-02;
Rot_cv(2,:,:)=[9.9999996656664336e-01,-3.4367242562040520e-05,-2.5629203084628275e-04;3.4425673483969328e-05,9.9999997341890379e-01,2.2798478863632750e-04;2.5628418882522825e-04,-2.2799360403980123e-04,9.9999994116866364e-01];
Vel_cv(2,:)=[5.1475444946519509e-03,-6.7869045257862477e-04,-6.8802155282194288e-04];
t_cv(2,:)=6.7940629090000002e+03;
dt_cv(2,:)=1.9999999999527063e-02;
i_cv(2,:)=-1;
Pose_cv(2,:,:)=[1.0000000000000000e+00,0.0000000000000000e+00,0.0000000000000000e+00;0.0000000000000000e+00,1.0000000000000000e+00,0.0000000000000000e+00;0.0000000000000000e+00,0.0000000000000000e+00,1.0000000000000000e+00];
Pos_cv(2,:)=[0.0000000000000000e+00,0.0000000000000000e+00,0.0000000000000000e+00];
K_cv(2,:)=1.0000000000000000e+00;
KLN_cv(2,:)=7000;
Giro_cv(2,:)=[-9.2644862031249983e-03,-8.9121947319375002e-03,-6.3345444212500011e-04];
Acel_cv(2,:)=[1.2483727762500005e+00,-9.0965760885000009e+00,3.0839181975000002e-01];
CAcel_cv(2,:)=[1.2483727762500005e+00,-9.0965760885000009e+00,3.0839181975000002e-01];
DGiro_cv(2,:)=[-6.7650529999999998e-01,4.4299796609999992e-01,1.7137727040000000e-01];
GBias_cv(2,:)=[-1.4736147193689141e-06,-9.1158171836446308e-07,1.1902574662663813e-07];
dWv_cv(2,:)=[-3.8690597623238952e-04,-2.9492073992986667e-04,7.5304876246471591e-05];
dWgv_cv(2,:)=[-3.9496843113646316e-06,-2.3441714333374223e-06,1.1296799637663541e-07];
g_cv(2,:)=[0.0000000000000000e+00,0.0000000000000000e+00,0.0000000000000000e+00];
VBias_cv(2,:)=[0.0000000000000000e+00,0.0000000000000000e+00,0.0000000000000000e+00];
Av_cv(2,:)=[1.5624135289815511e-01,-7.8751291148405636e-02,2.5328313384371855e-03];
As_cv(2,:)=[5.9818082692545715e-01,-4.5493113892988717e+00,1.4493576990899198e-01];
Posgv_cv(2,:)=[0.0000000000000000e+00,0.0000000000000000e+00,0.0000000000000000e+00];
Kp_cv(3,:)=1.1171635176860393e+00;
RKp_cv(3,:)=1.4062219801166956e-02;
Rot_cv(3,:,:)=[9.9999998261181111e-01,1.4742428022023453e-04,-1.1420358546901590e-04;-1.4738717692323118e-04,9.9999993638201035e-01,3.2482763838313100e-04;1.1425146568439795e-04,-3.2481080059090962e-04,9.9999994072227161e-01];
Vel_cv(3,:)=[3.8189851134954938e-03,-8.1659897929926683e-03,-2.0940453558023378e-03];
t_cv(3,:)=6.7940829089999997e+03;
dt_cv(3,:)=2.0000000000436557e-02;
i_cv(3,:)=-1;
Pose_cv(3,:,:)=[1.0000000000000000e+00,0.0000000000000000e+00,0.0000000000000000e+00;0.0000000000000000e+00,1.0000000000000000e+00,0.0000000000000000e+00;0.0000000000000000e+00,0.0000000000000000e+00,1.0000000000000000e+00];
Pos_cv(3,:)=[0.0000000000000000e+00,0.0000000000000000e+00,0.0000000000000000e+00];
K_cv(3,:)=1.0000000000000000e+00;
KLN_cv(3,:)=7000;
Giro_cv(3,:)=[-1.1597975175874999e-02,-1.2933974836312501e-02,1.7297490333124999e-03];
Acel_cv(3,:)=[1.1445846930000001e+00,-9.1005564959999994e+00,2.7374510700000004e-01];
CAcel_cv(3,:)=[1.1445846930000001e+00,-9.1005564959999994e+00,2.7374510700000004e-01];
DGiro_cv(3,:)=[-1.2571056657999999e+00,5.0948637299999999e-01,-6.7412455109999991e-01];
GBias_cv(3,:)=[-1.8368995986614431e-06,-1.3538764329398971e-06,-1.8717777590181940e-08];
dWv_cv(3,:)=[-2.8244998737265677e-04,-3.4907161572613724e-04,-1.5454881871644543e-04];
dWgv_cv(3,:)=[-1.3170087169296469e-06,-1.6034413424586919e-06,-4.9935858174841632e-07];
g_cv(3,:)=[0.0000000000000000e+00,0.0000000000000000e+00,0.0000000000000000e+00];
VBias_cv(3,:)=[0.0000000000000000e+00,0.0000000000000000e+00,0.0000000000000000e+00];
Av_cv(3,:)=[7.0554544547887690e-02,-9.7029509668688979e-02,-3.5898436979569327e-02];
As_cv(3,:)=[8.9858938231093166e-01,-6.8149175713314341e+00,2.0765844834747965e-01];
Posgv_cv(3,:)=[0.0000000000000000e+00,0.0000000000000000e+00,0.0000000000000000e+00];
Kp_cv(4,:)=1.1203475065775630e+00;
RKp_cv(4,:)=9.7753379076325128e-03;
Rot_cv(4,:,:)=[9.9999999643718140e-01,-5.2649599674389840e-05,-6.5982249571807576e-05;5.2668646456453490e-05,9.9999995694009713e-01,2.8869675746088223e-04;6.5967046961910584e-05,-2.8870023162808295e-04,9.9999995615026149e-01];
Vel_cv(4,:)=[5.2895470414682068e-03,-6.6934224106708759e-03,-2.3195939177575418e-03];
t_cv(4,:)=6.7941029090000002e+03;
dt_cv(4,:)=1.9999000000098022e-02;
i_cv(4,:)=-1;
Pose_cv(4,:,:)=[1.0000000000000000e+00,0.0000000000000000e+00,0.0000000000000000e+00;0.0000000000000000e+00,1.0000000000000000e+00,0.0000000000000000e+00;0.0000000000000000e+00,0.0000000000000000e+00,1.0000000000000000e+00];
Pos_cv(4,:)=[0.0000000000000000e+00,0.0000000000000000e+00,0.0000000000000000e+00];
K_cv(4,:)=1.0000000000000000e+00;
KLN_cv(4,:)=7000;
Giro_cv(4,:)=[-1.6380420970124997e-02,-5.8372805748749994e-03,-7.3892894847500008e-03];
Acel_cv(4,:)=[1.1988859860000001e+00,-9.0625903245000003e+00,2.5707497400000001e-01];
CAcel_cv(4,:)=[1.1988859860000001e+00,-9.0625903245000003e+00,2.5707497400000001e-01];
DGiro_cv(4,:)=[-1.5556185925000007e-01,-9.0544813199999991e-02,-6.3581572050000007e-02];
GBias_cv(4,:)=[-2.3214855032200966e-06,-1.6327788361679930e-06,-1.4733093633920551e-08];
dWv_cv(4,:)=[-4.8314675213453906e-04,-4.0240303843660092e-04,5.7255216503430442e-06];
dWgv_cv(4,:)=[-2.1619139400110972e-06,-1.2442850437232119e-06,1.7777124160113434e-08];
g_cv(4,:)=[0.0000000000000000e+00,0.0000000000000000e+00,0.0000000000000000e+00];
VBias_cv(4,:)=[0.0000000000000000e+00,0.0000000000000000e+00,0.0000000000000000e+00];
Av_cv(4,:)=[3.7069606663961814e-02,-5.6633640900478746e-02,-4.7708686244988870e-02];
As_cv(4,:)=[1.1837689776148406e+00,-9.1173260817951345e+00,2.6611440031261818e-01];
Posgv_cv(4,:)=[0.0000000000000000e+00,0.0000000000000000e+00,0.0000000000000000e+00];
Kp_cv(5,:)=1.1586853861721587e+00;
RKp_cv(5,:)=6.9328105225441592e-03;
Rot_cv(5,:,:)=[9.9999975766506355e-01,-9.6239790023476310e-05,-6.8949816341495104e-04;9.6610503793107571e-05,9.9999985080252962e-01,5.3764424030852058e-04;6.8944631777477440e-04,-5.3771072278346985e-04,9.9999961776540303e-01];
Vel_cv(5,:)=[5.7001498555495677e-03,-5.9419285844564433e-03,5.2815809841937511e-04];
t_cv(5,:)=6.7941229080000003e+03;
dt_cv(5,:)=6.0125999999399937e-02;
i_cv(5,:)=-1;
Pose_cv(5,:,:)=[1.0000000000000000e+00,0.0000000000000000e+00,0.0000000000000000e+00;0.0000000000000000e+00,1.0000000000000000e+00,0.0000000000000000e+00;0.0000000000000000e+00,0.0000000000000000e+00,1.0000000000000000e+00];
Pos_cv(5,:)=[0.0000000000000000e+00,0.0000000000000000e+00,0.0000000000000000e+00];
K_cv(5,:)=1.0000000000000000e+00;
KLN_cv(5,:)=6980;
Giro_cv(5,:)=[-1.4634903674875001e-02,-3.4287479992500007e-03,2.6325934598125005e-03];
Acel_cv(5,:)=[1.1420993295000001e+00,-9.2092061700000034e+00,2.4193078649999999e-01];
CAcel_cv(5,:)=[1.1420993295000001e+00,-9.2092061700000034e+00,2.4193078649999999e-01];
DGiro_cv(5,:)=[6.2710132434999999e-01,4.2262492500000090e-03,-3.5631518880000002e-01];
GBias_cv(5,:)=[-2.6639850236448028e-06,-1.7834780098421192e-06,4.2864893358820781e-08];
dWv_cv(5,:)=[-9.5353728034961187e-04,-7.4670119664707493e-04,1.9510505962469065e-04];
dWgv_cv(5,:)=[-1.7863701524684491e-06,-7.8599965780769303e-07,3.0041304781540089e-07];
g_cv(5,:)=[0.0000000000000000e+00,0.0000000000000000e+00,0.0000000000000000e+00];
VBias_cv(5,:)=[0.0000000000000000e+00,0.0000000000000000e+00,0.0000000000000000e+00];
Av_cv(5,:)=[-4.2372958124118829e-03,7.9035911706080934e-03,-1.0322871975200820e-02];
As_cv(5,:)=[1.1737169289951945e+00,-9.1302772737080229e+00,2.7785775097925314e-01];
Posgv_cv(5,:)=[0.0000000000000000e+00,0.0000000000000000e+00,0.0000000000000000e+00];
Kp_cv(6,:)=1.0335505599504338e+00;
RKp_cv(6,:)=3.0805178126206349e-03;
Rot_cv(6,:,:)=[9.9999999239566106e-01,6.6012018392585853e-05,-1.0416857640144030e-04;-6.5959025918800007e-05,9.9999986846742872e-01,5.0863988412231721e-04;1.0420213904526553e-04,-5.0863300939661584e-04,9.9999986521717865e-01];
Vel_cv(6,:)=[2.4725872392194316e-03,-5.3850178591447586e-03,-1.0174940837695096e-03];
t_cv(6,:)=6.7941830339999997e+03;
dt_cv(6,:)=3.9998000000196043e-02;
i_cv(6,:)=-1;
Pose_cv(6,:,:)=[1.0000000000000000e+00,0.0000000000000000e+00,0.0000000000000000e+00;0.0000000000000000e+00,1.0000000000000000e+00,0.0000000000000000e+00;0.0000000000000000e+00,0.0000000000000000e+00,1.0000000000000000e+00];
Pos_cv(6,:)=[0.0000000000000000e+00,0.0000000000000000e+00,0.0000000000000000e+00];
K_cv(6,:)=1.0000000000000000e+00;
KLN_cv(6,:)=6931;
Giro_cv(6,:)=[-9.0300941692916682e-03,-1.1531310579812500e-02,1.6115562654999997e-03];
Acel_cv(6,:)=[1.2109653660000002e+00,-9.1478191139999989e+00,3.6428592975000007e-01];
CAcel_cv(6,:)=[1.2109653660000002e+00,-9.1478191139999989e+00,3.6428592975000007e-01];
DGiro_cv(6,:)=[-1.0187284099999996e-02,-4.2722913149999986e-02,-9.3030422966666679e-02];
GBias_cv(6,:)=[-2.9209998567416976e-06,-2.0521553207558466e-06,-3.7395840564551306e-08];
dWv_cv(6,:)=[-7.8761530364540523e-04,-6.2817239710051770e-04,-6.5547657558982743e-05];
dWgv_cv(6,:)=[-1.5120198093726355e-06,-1.5806302365333582e-06,-4.7217438053924916e-07];
g_cv(6,:)=[0.0000000000000000e+00,0.0000000000000000e+00,0.0000000000000000e+00];
VBias_cv(6,:)=[0.0000000000000000e+00,0.0000000000000000e+00,0.0000000000000000e+00];
Av_cv(6,:)=[-1.0381006243896216e-02,-1.2292972417585720e-02,8.2464781003180609e-03];
As_cv(6,:)=[1.1798883133052909e+00,-9.1476184232282929e+00,2.7282924201098158e-01];
Posgv_cv(6,:)=[0.0000000000000000e+00,0.0000000000000000e+00,0.0000000000000000e+00];
Kp_cv(7,:)=1.0156002952431684e+00;
RKp_cv(7,:)=2.7367609639038907e-03;
Rot_cv(7,:,:)=[9.9999989586046345e-01,-7.6672691434653809e-05,-4.4988927637156108e-04;7.6915838480841201e-05,9.9999985098949151e-01,5.4046734166489049e-04;4.4984777024761316e-04,-5.4050188899178761e-04,9.9999975274731534e-01];
Vel_cv(7,:)=[4.4069810980457780e-03,-4.4781084199753650e-03,-2.1226066990951654e-04];
t_cv(7,:)=6.7942230319999999e+03;
dt_cv(7,:)=5.9999000000061642e-02;
i_cv(7,:)=-1;
Pose_cv(7,:,:)=[1.0000000000000000e+00,0.0000000000000000e+00,0.0000000000000000e+00;0.0000000000000000e+00,1.0000000000000000e+00,0.0000000000000000e+00;0.0000000000000000e+00,0.0000000000000000e+00,1.0000000000000000e+00];
Pos_cv(7,:)=[0.0000000000000000e+00,0.0000000000000000e+00,0.0000000000000000e+00];
K_cv(7,:)=1.0000000000000000e+00;
KLN_cv(7,:)=6796;
Giro_cv(7,:)=[-1.2820280809656252e-02,-2.6894106469687491e-03,-1.6598980476562502e-03];
Acel_cv(7,:)=[1.1675895108750003e+00,-9.1700377830000015e+00,2.5647546037500002e-01];
CAcel_cv(7,:)=[1.1675895108750003e+00,-9.1700377830000015e+00,2.5647546037500002e-01];
DGiro_cv(7,:)=[5.3817676425000009e-02,2.9732293402499999e-01,3.4350701932500005e-01];
GBias_cv(7,:)=[-3.0374624113679632e-06,-2.1099021913144427e-06,-8.8154166209606882e-08];
dWv_cv(7,:)=[-8.6002810540371656e-04,-4.6714984994557327e-04,-8.0170885465803408e-05];
dWgv_cv(7,:)=[-7.5271802115353187e-07,-3.7322820432853900e-07,-3.2806000657653521e-07];
g_cv(7,:)=[0.0000000000000000e+00,0.0000000000000000e+00,0.0000000000000000e+00];
VBias_cv(7,:)=[0.0000000000000000e+00,0.0000000000000000e+00,0.0000000000000000e+00];
Av_cv(7,:)=[-3.8288306636473871e-03,1.8098540082778690e-02,1.1443171717880904e-02];
As_cv(7,:)=[1.1677119403567497e+00,-9.1804555720292527e+00,2.7891118693432154e-01];
Posgv_cv(7,:)=[0.0000000000000000e+00,0.0000000000000000e+00,0.0000000000000000e+00];
Kp_cv(8,:)=1.0157645575138678e+00;
RKp_cv(8,:)=2.1009802960860139e-03;
Rot_cv(8,:,:)=[9.9999994624108046e-01,1.9097192814630695e-04,-2.6654747661227846e-04;-1.9086008359660972e-04,9.9999989376797815e-01,4.1956699127667968e-04;2.6662757381371190e-04,-4.1951609544754330e-04,9.9999987645798305e-01];
Vel_cv(8,:)=[2.5495531862910498e-03,-4.7703406921668391e-03,2.2256919332973253e-04];
t_cv(8,:)=6.7942830309999999e+03;
dt_cv(8,:)=6.0136000000056811e-02;
i_cv(8,:)=-1;
Pose_cv(8,:,:)=[1.0000000000000000e+00,0.0000000000000000e+00,0.0000000000000000e+00;0.0000000000000000e+00,1.0000000000000000e+00,0.0000000000000000e+00;0.0000000000000000e+00,0.0000000000000000e+00,1.0000000000000000e+00];
Pos_cv(8,:)=[0.0000000000000000e+00,0.0000000000000000e+00,0.0000000000000000e+00];
K_cv(8,:)=1.0000000000000000e+00;
KLN_cv(8,:)=6718;
Giro_cv(8,:)=[-9.0700236983958290e-03,-7.5377341035624996e-03,1.2727328618749986e-03];
Acel_cv(8,:)=[1.1513798347500004e+00,-9.1936489814999991e+00,2.8473582225000005e-01];
CAcel_cv(8,:)=[1.1513798347500004e+00,-9.1936489814999991e+00,2.8473582225000005e-01];
DGiro_cv(8,:)=[-1.5752927308333334e-01,-2.3347068350000003e-01,-2.9961829258333339e-01];
GBias_cv(8,:)=[-3.1159414468909748e-06,-2.1645519484345255e-06,-7.3964298210746346e-08];
dWv_cv(8,:)=[-8.6029290389909969e-04,-4.5436878615939363e-04,7.3643360259176047e-05];
dWgv_cv(8,:)=[-5.4621402176763800e-07,-3.8036226396325058e-07,9.8761469433921387e-08];
g_cv(8,:)=[0.0000000000000000e+00,0.0000000000000000e+00,0.0000000000000000e+00];
VBias_cv(8,:)=[0.0000000000000000e+00,0.0000000000000000e+00,0.0000000000000000e+00];
Av_cv(8,:)=[-1.1930740972032406e-02,9.6724698225960533e-03,8.5345324854805438e-03];
As_cv(8,:)=[1.1776888428422867e+00,-9.1647592440987378e+00,3.1055865922086079e-01];
Posgv_cv(8,:)=[0.0000000000000000e+00,0.0000000000000000e+00,0.0000000000000000e+00];
Kp_cv(9,:)=1.0147808263637668e+00;
RKp_cv(9,:)=1.7608975131318241e-03;
Rot_cv(9,:,:)=[9.9999983429997530e-01,-3.0109483980726904e-04,-4.9065458151127716e-04;3.0141050861616324e-04,9.9999974758393206e-01,6.4341571083974280e-04;4.9046072851179187e-04,-6.4356349267271240e-04,9.9999967263709821e-01];
Vel_cv(9,:)=[6.4421165482995667e-03,-5.2027818367039640e-03,-1.1266194955119990e-03];
t_cv(9,:)=6.7943431670000000e+03;
dt_cv(9,:)=6.0003999999935331e-02;
i_cv(9,:)=-1;
Pose_cv(9,:,:)=[1.0000000000000000e+00,0.0000000000000000e+00,0.0000000000000000e+00;0.0000000000000000e+00,1.0000000000000000e+00,0.0000000000000000e+00;0.0000000000000000e+00,0.0000000000000000e+00,1.0000000000000000e+00];
Pos_cv(9,:)=[0.0000000000000000e+00,0.0000000000000000e+00,0.0000000000000000e+00];
K_cv(9,:)=1.0000000000000000e+00;
KLN_cv(9,:)=6665;
Giro_cv(9,:)=[-7.0517816141458323e-03,-4.4852912229999993e-03,-3.1817586629999998e-03];
Acel_cv(9,:)=[1.1758234117500004e+00,-9.1472180062500001e+00,3.6497140350000001e-01];
CAcel_cv(9,:)=[1.1758234117500004e+00,-9.1472180062500001e+00,3.6497140350000001e-01];
DGiro_cv(9,:)=[-1.9613181591666670e-01,1.8962382475000000e-01,3.5094412358333338e-01];
GBias_cv(9,:)=[-3.1781865076612657e-06,-2.2429933099934593e-06,-6.6496490911506507e-08];
dWv_cv(9,:)=[-1.1102691458005779e-03,-8.7904658993916303e-04,1.0463634680341158e-04];
dWgv_cv(9,:)=[-4.5936617237443393e-07,-5.7889425392552261e-07,5.5112132796229698e-08];
g_cv(9,:)=[0.0000000000000000e+00,0.0000000000000000e+00,0.0000000000000000e+00];
VBias_cv(9,:)=[0.0000000000000000e+00,0.0000000000000000e+00,0.0000000000000000e+00];
Av_cv(9,:)=[3.8492039355626016e-03,3.4832591815710696e-03,-3.3136617122139045e-03];
As_cv(9,:)=[1.1646131112880804e+00,-9.1565303679888626e+00,2.9153932251455283e-01];
Posgv_cv(9,:)=[0.0000000000000000e+00,0.0000000000000000e+00,0.0000000000000000e+00];
Kp_cv(10,:)=1.0032009434234814e+00;
RKp_cv(10,:)=1.3597435837851646e-03;
Rot_cv(10,:,:)=[9.9999994606221732e-01,-7.4301317685551563e-05,-3.1992948586129970e-04;7.4434346554470572e-05,9.9999991077869754e-01,4.1581501310300841e-04;3.1989856171338728e-04,-4.1583880441709248e-04,9.9999986237148974e-01];
Vel_cv(10,:)=[3.6654025165734883e-03,-5.7478007484239686e-03,2.8589000036299459e-04];
t_cv(10,:)=6.7944031709999999e+03;
dt_cv(10,:)=4.0111000000251806e-02;
i_cv(10,:)=-1;
Pose_cv(10,:,:)=[1.0000000000000000e+00,0.0000000000000000e+00,0.0000000000000000e+00;0.0000000000000000e+00,1.0000000000000000e+00,0.0000000000000000e+00;0.0000000000000000e+00,0.0000000000000000e+00,1.0000000000000000e+00];
Pos_cv(10,:)=[0.0000000000000000e+00,0.0000000000000000e+00,0.0000000000000000e+00];
K_cv(10,:)=1.0000000000000000e+00;
KLN_cv(10,:)=6563;
Giro_cv(10,:)=[-1.0784513184958334e-02,-8.2213156031875016e-03,5.0208827342083312e-03];
Acel_cv(10,:)=[1.1684570827500005e+00,-9.1135893262500005e+00,2.9319645675000006e-01];
CAcel_cv(10,:)=[1.1684570827500005e+00,-9.1135893262500005e+00,2.9319645675000006e-01];
DGiro_cv(10,:)=[2.6508241705000007e-01,4.2029609750000016e-02,-4.1363259665000002e-01];
GBias_cv(10,:)=[-3.2329218334209897e-06,-2.3009661291422943e-06,-3.3948795795309429e-08];
dWv_cv(10,:)=[-9.8511236439440745e-04,-6.4196784405135812e-04,1.7110728604793912e-04];
dWgv_cv(10,:)=[-4.2316303751996826e-07,-4.4819234934869518e-07,2.5162874868241675e-07];
g_cv(10,:)=[0.0000000000000000e+00,0.0000000000000000e+00,0.0000000000000000e+00];
VBias_cv(10,:)=[0.0000000000000000e+00,0.0000000000000000e+00,0.0000000000000000e+00];
Av_cv(10,:)=[8.5639134153102977e-03,-2.3633667795418586e-03,2.8683036007550412e-03];
As_cv(10,:)=[1.1762348958558217e+00,-9.1542081386928107e+00,3.0870946564371843e-01];
Posgv_cv(10,:)=[0.0000000000000000e+00,0.0000000000000000e+00,0.0000000000000000e+00];
Kp_cv(11,:)=1.0066913317969903e+00;
RKp_cv(11,:)=1.2606267515562278e-03;
Rot_cv(11,:,:)=[9.9999979291517682e-01,2.5025545958791644e-06,-6.4355523434842009e-04;-2.1415844123058583e-06,9.9999984269319953e-01,5.6090015918996592e-04;6.4355653679607687e-04,-5.6089866480819785e-04,9.9999963561376914e-01];
Vel_cv(11,:)=[6.8339436756050679e-03,-5.4261615479654158e-03,-3.6798827157596866e-04];
t_cv(11,:)=6.7944432820000002e+03;
dt_cv(11,:)=5.9999000000061642e-02;
i_cv(11,:)=-1;
Pose_cv(11,:,:)=[1.0000000000000000e+00,0.0000000000000000e+00,0.0000000000000000e+00;0.0000000000000000e+00,1.0000000000000000e+00,0.0000000000000000e+00;0.0000000000000000e+00,0.0000000000000000e+00,1.0000000000000000e+00];
Pos_cv(11,:)=[0.0000000000000000e+00,0.0000000000000000e+00,0.0000000000000000e+00];
K_cv(11,:)=1.0000000000000000e+00;
KLN_cv(11,:)=6537;
Giro_cv(11,:)=[-1.0485416015249998e-02,-8.0654316212812483e-03,1.8635893267187501e-03];
Acel_cv(11,:)=[1.2144082263750002e+00,-9.1607235558750038e+00,3.2157596924999993e-01];
CAcel_cv(11,:)=[1.2144082263750002e+00,-9.1607235558750038e+00,3.2157596924999993e-01];
DGiro_cv(11,:)=[-6.8250069459999996e-01,-1.4780648190000004e-01,3.8361820969999993e-01];
GBias_cv(11,:)=[-3.2591553048113819e-06,-2.3494466548971929e-06,-4.5831844555032480e-08];
dWv_cv(11,:)=[-9.6948072026238283e-04,-8.9608779230722368e-04,6.0051534715993852e-05];
dWgv_cv(11,:)=[-2.1044351037189918e-07,-3.8890819566763970e-07,-9.5325184292323849e-08];
g_cv(11,:)=[0.0000000000000000e+00,0.0000000000000000e+00,0.0000000000000000e+00];
VBias_cv(11,:)=[0.0000000000000000e+00,0.0000000000000000e+00,0.0000000000000000e+00];
Av_cv(11,:)=[1.1577470200424638e-02,-5.2485464197599774e-03,-7.0481938721404108e-04];
As_cv(11,:)=[1.1819769843318528e+00,-9.1344658762057787e+00,3.0683286634295348e-01];
Posgv_cv(11,:)=[0.0000000000000000e+00,0.0000000000000000e+00,0.0000000000000000e+00];
Kp_cv(12,:)=9.9971873692511282e-01;
RKp_cv(12,:)=1.0307175689086439e-03;
Rot_cv(12,:,:)=[9.9999999183562271e-01,-3.1330931099195717e-05,1.2388352540041592e-04;3.1335391026594937e-05,9.9999999886107516e-01,-3.5999195488554955e-05;-1.2388239737100835e-04,3.6003077133354087e-05,9.9999999167846454e-01];
Vel_cv(12,:)=[-1.1199824240955961e-03,1.3692885421804487e-03,1.0748896898233507e-04];
t_cv(12,:)=6.7945032810000002e+03;
dt_cv(12,:)=4.0000999999392661e-02;
i_cv(12,:)=-1;
Pose_cv(12,:,:)=[1.0000000000000000e+00,0.0000000000000000e+00,0.0000000000000000e+00;0.0000000000000000e+00,1.0000000000000000e+00,0.0000000000000000e+00;0.0000000000000000e+00,0.0000000000000000e+00,1.0000000000000000e+00];
Pos_cv(12,:)=[0.0000000000000000e+00,0.0000000000000000e+00,0.0000000000000000e+00];
K_cv(12,:)=1.0000000000000000e+00;
KLN_cv(12,:)=6486;
Giro_cv(12,:)=[-9.4057496341874991e-03,-1.0770780420062499e-02,-4.0685761750000332e-05];
Acel_cv(12,:)=[1.1722694122500001e+00,-9.1147746195000003e+00,2.8006225650000011e-01];
CAcel_cv(12,:)=[1.1722694122500001e+00,-9.1147746195000003e+00,2.8006225650000011e-01];
DGiro_cv(12,:)=[1.3749601173333334e-01,-3.3751964199999998e-02,2.9085273858333333e-01];
GBias_cv(12,:)=[-4.4713888486873761e-04,-3.3068040170795431e-04,2.5811091556749514e-05];
dWv_cv(12,:)=[-6.1627797271514328e-04,-4.8297626105836902e-04,-6.2490913377765626e-06];
dWgv_cv(12,:)=[-3.5501520934353358e-07,-5.5208954799228551e-07,-2.6909575256551286e-07];
g_cv(12,:)=[0.0000000000000000e+00,0.0000000000000000e+00,0.0000000000000000e+00];
VBias_cv(12,:)=[0.0000000000000000e+00,0.0000000000000000e+00,0.0000000000000000e+00];
Av_cv(12,:)=[-1.1451138401495054e-02,2.2897848558267115e-02,6.6484575113454406e-04];
As_cv(12,:)=[1.1872811284525207e+00,-9.1317228220109889e+00,2.9951380906747366e-01];
Posgv_cv(12,:)=[0.0000000000000000e+00,0.0000000000000000e+00,0.0000000000000000e+00];
Kp_cv(13,:)=9.9960358280106421e-01;
RKp_cv(13,:)=1.0328381732041243e-03;
Rot_cv(13,:,:)=[9.9999998545230462e-01,9.0515078428444332e-05,-1.4457665965386354e-04;-9.0530273566672410e-05,9.9999999037935883e-01,-1.0509782195165130e-04;1.4456714532534655e-04,1.0511090898727018e-04,9.9999998402601864e-01];
Vel_cv(13,:)=[1.0997403602116358e-03,1.6732225096383875e-03,-9.2622237212585331e-05];
t_cv(13,:)=6.7945432819999996e+03;
dt_cv(13,:)=3.9999000000534579e-02;
i_cv(13,:)=-1;
Pose_cv(13,:,:)=[1.0000000000000000e+00,0.0000000000000000e+00,0.0000000000000000e+00;0.0000000000000000e+00,1.0000000000000000e+00,0.0000000000000000e+00;0.0000000000000000e+00,0.0000000000000000e+00,1.0000000000000000e+00];
Pos_cv(13,:)=[0.0000000000000000e+00,0.0000000000000000e+00,0.0000000000000000e+00];
K_cv(13,:)=1.0000000000000000e+00;
KLN_cv(13,:)=6410;
Giro_cv(13,:)=[-1.0282067856468751e-02,-5.1762548194687497e-03,1.4258360901250001e-03];
Acel_cv(13,:)=[1.1951099943749999e+00,-9.1371824988750010e+00,3.1774111762499996e-01];
CAcel_cv(13,:)=[1.1951099943749999e+00,-9.1371824988750010e+00,3.1774111762499996e-01];
DGiro_cv(13,:)=[-6.4564260899999976e-02,-3.9433883347500004e-01,-4.1746065457499998e-01];
GBias_cv(13,:)=[-4.4707685435823490e-04,-3.3071511800516383e-04,2.5802151469644208e-05];
dWv_cv(13,:)=[2.8695813193924298e-04,-1.9451782610971471e-05,-1.3056927230253675e-05];
dWgv_cv(13,:)=[1.6863015494762353e-07,-9.4376372694735944e-08,-2.4303657371118424e-08];
g_cv(13,:)=[0.0000000000000000e+00,0.0000000000000000e+00,0.0000000000000000e+00];
VBias_cv(13,:)=[0.0000000000000000e+00,0.0000000000000000e+00,0.0000000000000000e+00];
Av_cv(13,:)=[-3.2199105512470204e-02,4.4473447452752175e-02,3.9524443622809859e-03];
As_cv(13,:)=[1.1990849007157418e+00,-9.1402276956897985e+00,2.9634020891994234e-01];
Posgv_cv(13,:)=[0.0000000000000000e+00,0.0000000000000000e+00,0.0000000000000000e+00];
Kp_cv(14,:)=9.9995578594736201e-01;
RKp_cv(14,:)=1.0471518645127772e-03;
Rot_cv(14,:,:)=[9.9999997503708649e-01,1.6099936267908552e-04,1.5493557151858949e-04;-1.6096390484176114e-04,9.9999996086129306e-01,-2.2884063225627702e-04;-1.5497240865055978e-04,2.2881568750915748e-04,9.9999996181346629e-01];
Vel_cv(14,:)=[-2.0196959294540629e-03,2.2530302930160646e-03,-3.4260490802270194e-04];
t_cv(14,:)=6.7945832810000002e+03;
dt_cv(14,:)=4.0128999999978987e-02;
i_cv(14,:)=-1;
Pose_cv(14,:,:)=[1.0000000000000000e+00,0.0000000000000000e+00,0.0000000000000000e+00;0.0000000000000000e+00,1.0000000000000000e+00,0.0000000000000000e+00;0.0000000000000000e+00,0.0000000000000000e+00,1.0000000000000000e+00];
Pos_cv(14,:)=[0.0000000000000000e+00,0.0000000000000000e+00,0.0000000000000000e+00];
K_cv(14,:)=1.0000000000000000e+00;
KLN_cv(14,:)=6364;
Giro_cv(14,:)=[-8.5470269444374979e-03,-1.1883100494093751e-02,-1.6205360907187503e-03];
Acel_cv(14,:)=[1.2123583042500001e+00,-9.1484214479999988e+00,2.6858455649999990e-01];
CAcel_cv(14,:)=[1.2123583042500001e+00,-9.1484214479999988e+00,2.6858455649999990e-01];
DGiro_cv(14,:)=[4.3750995047499996e-01,3.0226730205000002e-01,-1.5693586747499999e-01];
GBias_cv(14,:)=[-4.4705881146302293e-04,-3.3072397745032337e-04,2.5678911189981232e-05];
dWv_cv(14,:)=[1.9536909221393083e-04,5.8552571100986656e-05,-1.6618657656610754e-04];
dWgv_cv(14,:)=[6.5410512871092474e-08,-3.2117952514303829e-08,-4.4678028688965052e-07];
g_cv(14,:)=[0.0000000000000000e+00,0.0000000000000000e+00,0.0000000000000000e+00];
VBias_cv(14,:)=[0.0000000000000000e+00,0.0000000000000000e+00,0.0000000000000000e+00];
Av_cv(14,:)=[-3.7065735099728526e-02,5.1982082043743348e-02,-2.3788897489225775e-03];
As_cv(14,:)=[1.1809954168215564e+00,-9.1526323793226183e+00,2.9711527201529708e-01];
Posgv_cv(14,:)=[0.0000000000000000e+00,0.0000000000000000e+00,0.0000000000000000e+00];
Kp_cv(15,:)=1.0004130190695029e+00;
RKp_cv(15,:)=1.0332997998990495e-03;
Rot_cv(15,:,:)=[9.9999998022098358e-01,-1.5170408965149644e-04,1.2862309998795080e-04;1.5169534536324725e-04,9.9999998618288355e-01,6.7990839296584222e-05;-1.2863341269913072e-04,-6.7971326426217847e-05,9.9999998941667134e-01];
Vel_cv(15,:)=[-1.5649842274900560e-03,-5.1476625782931496e-05,1.0327811823040642e-03];
t_cv(15,:)=6.7946234100000001e+03;
dt_cv(15,:)=4.0001000000302156e-02;
i_cv(15,:)=-1;
Pose_cv(15,:,:)=[1.0000000000000000e+00,0.0000000000000000e+00,0.0000000000000000e+00;0.0000000000000000e+00,1.0000000000000000e+00,0.0000000000000000e+00;0.0000000000000000e+00,0.0000000000000000e+00,1.0000000000000000e+00];
Pos_cv(15,:)=[0.0000000000000000e+00,0.0000000000000000e+00,0.0000000000000000e+00];
K_cv(15,:)=1.0000000000000000e+00;
KLN_cv(15,:)=6333;
Giro_cv(15,:)=[-5.4550149940000006e-03,-4.3941810964687501e-03,-3.3906673746562500e-03];
Acel_cv(15,:)=[1.1385497036250003e+00,-9.2111779800000022e+00,3.1319871975000019e-01];
CAcel_cv(15,:)=[1.1385497036250003e+00,-9.2111779800000022e+00,3.1319871975000019e-01];
DGiro_cv(15,:)=[3.5117687907499995e-01,1.8634208685000000e-01,2.1791029805000001e-01];
GBias_cv(15,:)=[-4.4705885522233741e-04,-3.3068914677938656e-04,2.5713005203970138e-05];
dWv_cv(15,:)=[1.0813972692460909e-04,2.6438293653000260e-04,3.4598974881029835e-05];
dWgv_cv(15,:)=[-1.9522621507337645e-10,1.5539228923065544e-07,1.5210579470048809e-07];
g_cv(15,:)=[0.0000000000000000e+00,0.0000000000000000e+00,0.0000000000000000e+00];
VBias_cv(15,:)=[0.0000000000000000e+00,0.0000000000000000e+00,0.0000000000000000e+00];
Av_cv(15,:)=[-4.4198680072589404e-02,2.9044068638586086e-02,5.8556332223864268e-03];
As_cv(15,:)=[1.1922019363563241e+00,-9.1881499973065708e+00,3.0031738004153841e-01];
Posgv_cv(15,:)=[0.0000000000000000e+00,0.0000000000000000e+00,0.0000000000000000e+00];
Kp_cv(16,:)=1.0013046172202182e+00;
RKp_cv(16,:)=1.0445311907337960e-03;
Rot_cv(16,:,:)=[9.9999998807778157e-01,1.3701465169515680e-04,-7.1213911239906879e-05;-1.3699329984500909e-04,9.9999994569276207e-01,2.9974540299924424e-04;7.1254976884465375e-05,-2.9973564359691819e-04,9.9999995254063423e-01];
Vel_cv(16,:)=[7.9586262860626149e-04,-2.8716885258802233e-03,-6.6099753223334461e-04];
t_cv(16,:)=6.7946634110000005e+03;
dt_cv(16,:)=5.9990999999172345e-02;
i_cv(16,:)=-1;
Pose_cv(16,:,:)=[9.9999997667932428e-01,2.0389389166392376e-04,-7.1194323961139012e-05;-2.0387303220771716e-04,9.9999993632922290e-01,2.9287768210761592e-04;7.1254035398618816e-05,-2.9286316067480856e-04,9.9999995457701474e-01];
Pos_cv(16,:)=[4.7712291056163369e-05,-1.7229680296331913e-04,-3.9600046021822753e-05];
K_cv(16,:)=1.0662892109139124e+00;
KLN_cv(16,:)=6325;
Giro_cv(16,:)=[-1.2875394803093748e-02,-5.0490034853437503e-03,4.4392906760312486e-03];
Acel_cv(16,:)=[1.2233518807500001e+00,-9.2558828857499993e+00,2.9781296099999999e-01];
CAcel_cv(16,:)=[1.2233518807500001e+00,-9.2558828857499993e+00,2.9781296099999999e-01];
DGiro_cv(16,:)=[-3.4357459350000003e-01,-5.0398308637500000e-01,2.5516504787499994e-01];
GBias_cv(16,:)=[-4.4708208155019619e-04,-3.3068618493851590e-04,2.5668699045909746e-05];
dWv_cv(16,:)=[-3.3247488694074082e-04,-4.4863769168524033e-05,-8.0556816649717203e-05];
dWgv_cv(16,:)=[-1.2114124652483560e-07,1.5448033682435071e-08,-2.3108703402413589e-07];
g_cv(16,:)=[-1.9978655242572892e-03,9.7995569861152703e+00,2.8700717185146316e-03];
VBias_cv(16,:)=[7.2549957386337815e-19,2.2171352090248072e-21,-7.0651150151525125e-18];
Av_cv(16,:)=[3.5274078436695199e-03,-2.3440264804586511e-02,-1.3258737937260001e-03];
As_cv(16,:)=[1.2011971659571368e+00,-9.1722456757238877e+00,2.9250921772033134e-01];
Posgv_cv(16,:)=[4.7712291056163593e-05,-1.7229680296331948e-04,-3.9600046021822970e-05];
Kp_cv(17,:)=9.9976158435775508e-01;
RKp_cv(17,:)=1.0126752597155791e-03;
Rot_cv(17,:,:)=[9.9999998314001104e-01,-8.4539504160173582e-05,-1.6301242226399344e-04;8.4531929091205562e-05,9.9999999534718576e-01,-4.6475604275664071e-05;1.6301635053006771e-04,4.6461823737565613e-05,9.9999998563348413e-01];
Vel_cv(17,:)=[2.7099417100983690e-03,3.4906695929681671e-04,1.2441018830192270e-03];
t_cv(17,:)=6.7947234019999996e+03;
dt_cv(17,:)=4.0127000000211410e-02;
i_cv(17,:)=-1;
Pose_cv(17,:,:)=[9.9999898821905842e-01,-1.4030123577672879e-03,-2.3477049141311496e-04;1.4030977385643048e-03,9.9999894944290613e-01,3.6390908217197852e-04;2.3425967583391743e-04,-3.6423811992128809e-04,9.9999990622649382e-01];
Pos_cv(17,:)=[1.5642264115300344e-04,-1.5811906577197201e-04,1.0342396077009640e-05];
K_cv(17,:)=1.0781120338423174e+00;
KLN_cv(17,:)=6269;
Giro_cv(17,:)=[-1.2448966921874999e-02,-6.6977689740000011e-03,-1.8588554757916669e-03];
Acel_cv(17,:)=[1.2281121832500002e+00,-9.0735880702500022e+00,2.9763711674999999e-01];
CAcel_cv(17,:)=[1.2281121832500002e+00,-9.0735880702500022e+00,2.9763711674999999e-01];
DGiro_cv(17,:)=[7.6865560433333327e-02,1.9348738775000002e-01,-2.7585610754999995e-01];
GBias_cv(17,:)=[-4.4708843266113652e-04,-3.3069780590675834e-04,2.5703071070676729e-05];
dWv_cv(17,:)=[-2.1598443084045068e-04,-2.3535738794788798e-04,1.0123306873464185e-04];
dWgv_cv(17,:)=[-3.7363623871904540e-08,-6.8366226084798114e-08,2.0221082849461430e-07];
g_cv(17,:)=[1.3648087420987099e-02,9.7271007626718777e+00,3.5397840294834984e-03];
VBias_cv(17,:)=[-1.7231354129408493e-12,-1.3534912626985309e-14,4.3836820880170972e-11];
Av_cv(17,:)=[1.3266140496438126e-02,-1.7136197500915936e-02,4.2373447016200404e-03];
As_cv(17,:)=[1.1958013860908960e+00,-9.1628173969197455e+00,3.0384913012038173e-01];
Posgv_cv(17,:)=[1.5642263979661453e-04,-1.5811906528858814e-04,1.0342397496121606e-05];
Kp_cv(18,:)=1.0000101183186096e+00;
RKp_cv(18,:)=1.0218507598673198e-03;
Rot_cv(18,:,:)=[9.9999999883537571e-01,4.7085449829545534e-05,1.0592893041218108e-05;-4.7086126824417175e-05,9.9999999684862095e-01,6.3919121605737357e-05;-1.0589883347242224e-05,-6.3919620309600556e-05,9.9999999790106786e-01];
Vel_cv(18,:)=[3.3763804405227547e-04,1.0491130452473499e-04,-6.3402497197457284e-04];
t_cv(18,:)=6.7947635289999998e+03;
dt_cv(18,:)=3.9999999999963620e-02;
i_cv(18,:)=-1;
Pose_cv(18,:,:)=[9.9999705194358046e-01,-2.4177608663240053e-03,-2.2480333729757952e-04;2.4178740787836757e-03,9.9999694957365670e-01,5.0470617239469916e-04;2.2358239271893428e-04,-5.0524823065450355e-04,9.9999984736755765e-01];
Pos_cv(18,:)=[1.6992368018596852e-04,-1.5390276941799818e-04,-1.5017701578454141e-05];
K_cv(18,:)=1.0899614537777449e+00;
KLN_cv(18,:)=6316;
Giro_cv(18,:)=[-1.0016229811249997e-02,-1.2344500396968747e-02,2.7589819824375005e-03];
Acel_cv(18,:)=[1.1942370270000000e+00,-9.1103066550000040e+00,3.1223660399999992e-01];
CAcel_cv(18,:)=[1.1942370270000000e+00,-9.1103066550000040e+00,3.1223660399999992e-01];
DGiro_cv(18,:)=[-1.5953880942499998e-01,-1.1242739264999999e-01,1.4324274355000002e-01];
GBias_cv(18,:)=[-4.4708638741854518e-04,-3.3072261770784764e-04,2.5689558960170712e-05];
dWv_cv(18,:)=[-1.2391565706350684e-04,-3.5335294150809233e-04,-6.4681686028176235e-06];
dWgv_cv(18,:)=[1.3218763413567467e-08,-1.6036304438902518e-07,-8.7331152183092351e-08];
g_cv(18,:)=[2.3399634757488241e-02,9.6777427674799466e+00,4.8844314091935296e-03];
VBias_cv(18,:)=[2.0758964822102305e-12,-2.7706378302217234e-14,5.8192021669209839e-11];
Av_cv(18,:)=[1.9771864306095805e-02,-9.4807739400511581e-03,-1.0797884436434997e-03];
As_cv(18,:)=[1.2111633129942923e+00,-9.1499361750283565e+00,2.9808200809137098e-01];
Posgv_cv(18,:)=[1.6992367696297775e-04,-1.5390277111025416e-04,-1.5017698165096027e-05];
Kp_cv(19,:)=1.0003239242632884e+00;
RKp_cv(19,:)=1.0378357090117731e-03;
Rot_cv(19,:,:)=[9.9999998331352091e-01,-4.1652004594769471e-05,1.7787093149148313e-04;4.1668656705056201e-05,9.9999999474984702e-01,-9.3616385336871440e-05;-1.7786703124752151e-04,9.3623795417526029e-05,9.9999997979895183e-01];
Vel_cv(19,:)=[-2.6530060964627292e-03,1.6762422394455260e-03,3.1129294245867015e-04];
t_cv(19,:)=6.7948035289999998e+03;
dt_cv(19,:)=4.0001000000302156e-02;
i_cv(19,:)=-1;
Pose_cv(19,:,:)=[9.9990487041537668e-01,1.3793002357444954e-02,-5.6617813934429476e-05;-1.3793034317097783e-02,9.9990468588729342e-01,-6.0938080105558837e-04;4.8207226632206804e-05,6.1010376236366327e-04,9.9999981272471372e-01];
Pos_cv(19,:)=[6.4734891855066328e-05,-8.5401532288756804e-05,-2.5297378201183704e-06];
K_cv(19,:)=1.0890579759840793e+00;
KLN_cv(19,:)=6209;
Giro_cv(19,:)=[-1.2775018997312499e-02,-8.0064617003437494e-03,-5.3658333084375006e-04];
Acel_cv(19,:)=[1.1978333730000001e+00,-9.1599800805000005e+00,2.8876617899999996e-01];
CAcel_cv(19,:)=[1.1978333730000001e+00,-9.1599800805000005e+00,2.8876617899999996e-01];
DGiro_cv(19,:)=[1.5862178587500000e-01,-1.8641882362499995e-01,-5.1450289649999992e-01];
GBias_cv(19,:)=[-4.4708204831727240e-04,-3.3071033865422853e-04,2.5700376024142207e-05];
dWv_cv(19,:)=[2.1486936880843897e-04,2.5559089290832132e-04,8.7275127568738390e-06];
dWgv_cv(19,:)=[3.0200141238715617e-08,8.5462202945108463e-08,7.5286756217293815e-08];
g_cv(19,:)=[-1.3254589061135000e-01,9.6087092999620722e+00,-5.8559211222470155e-03];
VBias_cv(19,:)=[2.3890488775617911e-10,1.0932785895289001e-12,-3.6163570705364172e-09];
Av_cv(19,:)=[-2.9410437718773406e-03,1.2124551357312651e-02,-3.7740223045576960e-03];
As_cv(19,:)=[1.1879488788527730e+00,-9.1456230960784719e+00,2.9850323245796351e-01];
Posgv_cv(19,:)=[6.4735010164840780e-05,-8.5401627500233284e-05,-2.5298791056513057e-06];
Kp_cv(20,:)=9.9983694821686753e-01;
RKp_cv(20,:)=1.0290520727254371e-03;
Rot_cv(20,:,:)=[9.9999999292987340e-01,1.1728591433104226e-04,-1.9602701355509385e-05;-1.1728769376797305e-04,9.9999998899960552e-01,-9.0798602259120769e-05;1.9592051742785978e-05,9.0800900772796805e-05,9.9999999568567366e-01];
Vel_cv(20,:)=[-1.4802471330503783e-04,9.1180039921384735e-04,-3.9303531578155747e-05];
t_cv(20,:)=6.7948435300000001e+03;
dt_cv(20,:)=3.9998000000196043e-02;
i_cv(20,:)=-1;
Pose_cv(20,:,:)=[9.9962187906573230e-01,2.7497075472864566e-02,-9.8658671705168473e-05;-2.7497195911571085e-02,9.9962066576629294e-01,-1.5584575559876783e-03;5.5768222055279518e-05,1.5605811073848442e-03,9.9999878073751303e-01];
Pos_cv(20,:)=[5.9819152778083334e-05,-4.8779719756181056e-05,-4.0449327264284567e-06];
K_cv(20,:)=1.0872748781655468e+00;
KLN_cv(20,:)=6208;
Giro_cv(20,:)=[-8.8358383002812499e-03,-3.8193610904999993e-03,1.6858888124374996e-03];
Acel_cv(20,:)=[1.1327808104999999e+00,-9.2385361079999999e+00,2.9308441837500004e-01];
CAcel_cv(20,:)=[1.1327808104999999e+00,-9.2385361079999999e+00,2.9308441837500004e-01];
DGiro_cv(20,:)=[-1.9553217464999997e-01,1.0851381712500001e-01,2.5730413319999995e-01];
GBias_cv(20,:)=[-4.4708287736561496e-04,-3.3070449342885433e-04,2.5668993409305611e-05];
dWv_cv(20,:)=[7.4658866907490037e-05,1.6841679588189187e-04,-1.1018790652060287e-04];
dWgv_cv(20,:)=[-6.1183451205555240e-09,4.3137540128970584e-08,-2.3160249951059897e-07];
g_cv(20,:)=[-2.6283726811331620e-01,9.5550675706923371e+00,-1.4896818126607031e-02];
VBias_cv(20,:)=[5.2326151210487658e-10,2.3371660913669405e-12,-8.0180437703710093e-09];
Av_cv(20,:)=[-1.6770419607812254e-02,2.0691339045769093e-02,7.4930983936855543e-04];
As_cv(20,:)=[1.1734088351263767e+00,-9.1630286230388531e+00,2.9371095500781919e-01];
Posgv_cv(20,:)=[5.9819535149474428e-05,-4.8780017090717442e-05,-4.0453553382660741e-06];
Kp_cv(21,:)=1.0001435422046376e+00;
RKp_cv(21,:)=1.0443497279472803e-03;
Rot_cv(21,:,:)=[9.9999999888973012e-01,-4.6777692355781162e-05,5.6909525475958539e-06;4.6777363252428282e-05,9.9999999723461608e-01,5.7815616603385871e-05;-5.6936570129853142e-06,-5.7815350331440555e-05,9.9999999831248398e-01];
Vel_cv(21,:)=[2.4396783278648351e-04,-3.8510485538154212e-04,-4.5965804066775575e-05];
t_cv(21,:)=6.7948835280000003e+03;
dt_cv(21,:)=4.0125999999872874e-02;
i_cv(21,:)=-1;
Pose_cv(21,:,:)=[9.9924185798611298e-01,3.8931935182007570e-02,-1.1692495575336058e-04;-3.8932098979066083e-02,9.9923938574211657e-01,-2.2229824114765938e-03;3.0291013810557371e-05,2.2258492090648343e-03,9.9999752233580730e-01];
Pos_cv(21,:)=[6.8999390637487480e-05,-6.4597356351382652e-05,-5.9230300849093959e-06];
K_cv(21,:)=1.0851679000186771e+00;
KLN_cv(21,:)=6223;
Giro_cv(21,:)=[-8.9075661872812500e-03,-8.7560998193437489e-03,-2.2959934183437499e-03];
Acel_cv(21,:)=[1.1659826328750000e+00,-9.1437796012500012e+00,2.7676168200000001e-01];
CAcel_cv(21,:)=[1.1659826328750000e+00,-9.1437796012500012e+00,2.7676168200000001e-01];
DGiro_cv(21,:)=[-3.2481455177500002e-01,-1.9939764652499997e-01,5.5719068635000002e-01];
GBias_cv(21,:)=[-4.4707919050392147e-04,-3.3070978417749198e-04,2.5669758078751758e-05];
dWv_cv(21,:)=[4.9005629574475685e-05,-7.7191504180554036e-05,7.2329292158920659e-06];
dWgv_cv(21,:)=[2.8503412950778320e-08,-4.0903186985596538e-08,5.9117186394663784e-09];
g_cv(21,:)=[-3.7037608704062674e-01,9.5061500256393963e+00,-2.1148089846518409e-02];
VBias_cv(21,:)=[8.4373570738743817e-10,3.7909680129679702e-12,-1.2982532797073674e-08];
Av_cv(21,:)=[-1.2541188481000758e-02,-1.5431435187128366e-03,-4.6155921283851618e-03];
As_cv(21,:)=[1.1773293916678784e+00,-9.1461176910487936e+00,2.8914049425719268e-01];
Posgv_cv(21,:)=[6.9000178077949735e-05,-6.4598004801928922e-05,-5.9238735087796508e-06];
Kp_cv(22,:)=1.0003910771504352e+00;
RKp_cv(22,:)=1.0471057747889981e-03;
Rot_cv(22,:,:)=[9.9999999653037297e-01,-6.2349318407328778e-05,-5.5243248586155430e-05;6.2347954107731926e-05,9.9999999775138093e-01,-2.4697601180310599e-05;5.5244788340534225e-05,2.4694156791091572e-05,9.9999999816910567e-01];
Vel_cv(22,:)=[1.5593519894437960e-03,1.3371891248894761e-03,-3.2544724177716510e-04];
t_cv(22,:)=6.7949236540000002e+03;
dt_cv(22,:)=3.9998000000196043e-02;
i_cv(22,:)=-1;
