


&CamaraFrontal

    ZfX=272.72805 //815
    ZfY=272.68508 //815
    PPx=161.49285 //320
    PPy=118.71345 //240


&DisplayFrontal

    Host=10.73.32.135
    Port=2708
    ImageWidth=320
    ImageHeight=240
    DepthShow=5
    TraySource=1        //0=Network, 1=Radio
    NumberOfViews=1
    XLibView=1
    EdgeMapSaveNumber=5



