Kp_cv(1,:)=0.0000000000000000e+00;
RKp_cv(1,:)=0.0000000000000000e+00;
Rot_cv(1,:,:)=[1.0000000000000000e+00,0.0000000000000000e+00,0.0000000000000000e+00;0.0000000000000000e+00,1.0000000000000000e+00,0.0000000000000000e+00;0.0000000000000000e+00,0.0000000000000000e+00,1.0000000000000000e+00];
Vel_cv(1,:)=[0.0000000000000000e+00,0.0000000000000000e+00,0.0000000000000000e+00];
RotGiro_cv(1,:)=[0.0000000000000000e+00,0.0000000000000000e+00,0.0000000000000000e+00];
t_cv(1,:)=3.1577463819999998e+03;
dt_cv(1,:)=0.0000000000000000e+00;
i_cv(1,:)=0;
Pose_cv(1,:,:)=[1.0000000000000000e+00,0.0000000000000000e+00,0.0000000000000000e+00;0.0000000000000000e+00,1.0000000000000000e+00,0.0000000000000000e+00;0.0000000000000000e+00,0.0000000000000000e+00,1.0000000000000000e+00];
Pos_cv(1,:)=[0.0000000000000000e+00,0.0000000000000000e+00,0.0000000000000000e+00];
K_cv(1,:)=1.0000000000000000e+00;
KLN_cv(1,:)=8572;
Giro_cv(1,:)=[0.0000000000000000e+00,0.0000000000000000e+00,0.0000000000000000e+00];
Acel_cv(1,:)=[0.0000000000000000e+00,0.0000000000000000e+00,0.0000000000000000e+00];
CAcel_cv(1,:)=[0.0000000000000000e+00,0.0000000000000000e+00,0.0000000000000000e+00];
DGiro_cv(1,:)=[0.0000000000000000e+00,0.0000000000000000e+00,0.0000000000000000e+00];
GBias_cv(1,:)=[0.0000000000000000e+00,0.0000000000000000e+00,0.0000000000000000e+00];
dWv_cv(1,:)=[0.0000000000000000e+00,0.0000000000000000e+00,0.0000000000000000e+00];
dWgv_cv(1,:)=[0.0000000000000000e+00,0.0000000000000000e+00,0.0000000000000000e+00];
g_cv(1,:)=[0.0000000000000000e+00,0.0000000000000000e+00,0.0000000000000000e+00];
VBias_cv(1,:)=[0.0000000000000000e+00,0.0000000000000000e+00,0.0000000000000000e+00];
Av_cv(1,:)=[0.0000000000000000e+00,0.0000000000000000e+00,0.0000000000000000e+00];
As_cv(1,:)=[0.0000000000000000e+00,0.0000000000000000e+00,0.0000000000000000e+00];
Posgv_cv(1,:)=[0.0000000000000000e+00,0.0000000000000000e+00,0.0000000000000000e+00];
SMM_cv(1,:)=0;
TProc0_cv(1,:)=3.4554029000000000e-02;
TProc1_cv(1,:)=0.0000000000000000e+00;
TProc2_cv(1,:)=0.0000000000000000e+00;
Kp_cv(2,:)=1.5467719408038296e+00;
RKp_cv(2,:)=1.3132335391904329e-01;
Rot_cv(2,:,:)=[9.9999416393286022e-01,-2.3935986167556303e-03,2.4377829849443339e-03;2.4060950960434341e-03,9.9998391495423278e-01,-5.1361989052762435e-03;-2.4254497744983939e-03,5.1420344677598840e-03,9.9998383820686010e-01];
Vel_cv(2,:)=[-7.6062581320101755e-02,1.2258267088247736e-01,-3.8217535527591939e-02];
RotGiro_cv(2,:)=[0.0000000000000000e+00,0.0000000000000000e+00,0.0000000000000000e+00];
t_cv(2,:)=3.1577863670000002e+03;
dt_cv(2,:)=3.9985000000342552e-02;
i_cv(2,:)=2;
Pose_cv(2,:,:)=[9.9999416393286022e-01,-2.3935986167556303e-03,2.4377829849443339e-03;2.4060950960434341e-03,9.9998391495423278e-01,-5.1361989052762435e-03;-2.4254497744983939e-03,5.1420344677598840e-03,9.9998383820686010e-01];
Pos_cv(2,:)=[-3.0568019565911826e-03,4.9019202181626084e-03,-1.4955232713652021e-03];
K_cv(2,:)=1.0000000000000000e+00;
KLN_cv(2,:)=7645;
Giro_cv(2,:)=[0.0000000000000000e+00,0.0000000000000000e+00,0.0000000000000000e+00];
Acel_cv(2,:)=[0.0000000000000000e+00,0.0000000000000000e+00,0.0000000000000000e+00];
CAcel_cv(2,:)=[0.0000000000000000e+00,0.0000000000000000e+00,0.0000000000000000e+00];
DGiro_cv(2,:)=[0.0000000000000000e+00,0.0000000000000000e+00,0.0000000000000000e+00];
GBias_cv(2,:)=[0.0000000000000000e+00,0.0000000000000000e+00,0.0000000000000000e+00];
dWv_cv(2,:)=[0.0000000000000000e+00,0.0000000000000000e+00,0.0000000000000000e+00];
dWgv_cv(2,:)=[0.0000000000000000e+00,0.0000000000000000e+00,0.0000000000000000e+00];
g_cv(2,:)=[0.0000000000000000e+00,0.0000000000000000e+00,0.0000000000000000e+00];
VBias_cv(2,:)=[0.0000000000000000e+00,0.0000000000000000e+00,0.0000000000000000e+00];
Av_cv(2,:)=[0.0000000000000000e+00,0.0000000000000000e+00,0.0000000000000000e+00];
As_cv(2,:)=[0.0000000000000000e+00,0.0000000000000000e+00,0.0000000000000000e+00];
Posgv_cv(2,:)=[0.0000000000000000e+00,0.0000000000000000e+00,0.0000000000000000e+00];
SMM_cv(2,:)=0;
TProc0_cv(2,:)=3.1057079000000001e-02;
TProc1_cv(2,:)=1.9699687699999999e-01;
TProc2_cv(2,:)=3.1737119000000001e-02;
Kp_cv(3,:)=9.9787688233481220e-01;
RKp_cv(3,:)=1.1217206742098399e-04;
Rot_cv(3,:,:)=[9.9999628118632311e-01,-5.7463213264450426e-04,-2.6659728874197982e-03;5.7523549811023752e-04,9.9999980911346054e-01,2.2555966884681342e-04;2.6658427646879127e-03,-2.2709239227425930e-04,9.9999642084929452e-01];
Vel_cv(3,:)=[2.7306651340494970e-02,6.1728301972426066e-03,-8.8337611785629325e-03];
RotGiro_cv(3,:)=[0.0000000000000000e+00,0.0000000000000000e+00,0.0000000000000000e+00];
t_cv(3,:)=3.1578263630000001e+03;
dt_cv(3,:)=3.9995999999973719e-02;
i_cv(3,:)=4;
Pose_cv(3,:,:)=[9.9999556700412628e-01,-2.9687805408725675e-03,-2.2872296818273819e-04;2.9676200949553780e-03,9.9998350784290391e-01,-4.9170390656276966e-03;2.4331680594436803e-04,4.9163385055372693e-03,9.9998788513293047e-01];
Pos_cv(3,:)=[-1.9653021176467824e-03,5.1537830337625096e-03,-1.8473545754658350e-03];
K_cv(3,:)=1.0000000000000000e+00;
KLN_cv(3,:)=7355;
Giro_cv(3,:)=[0.0000000000000000e+00,0.0000000000000000e+00,0.0000000000000000e+00];
Acel_cv(3,:)=[0.0000000000000000e+00,0.0000000000000000e+00,0.0000000000000000e+00];
CAcel_cv(3,:)=[0.0000000000000000e+00,0.0000000000000000e+00,0.0000000000000000e+00];
DGiro_cv(3,:)=[0.0000000000000000e+00,0.0000000000000000e+00,0.0000000000000000e+00];
GBias_cv(3,:)=[0.0000000000000000e+00,0.0000000000000000e+00,0.0000000000000000e+00];
dWv_cv(3,:)=[0.0000000000000000e+00,0.0000000000000000e+00,0.0000000000000000e+00];
dWgv_cv(3,:)=[0.0000000000000000e+00,0.0000000000000000e+00,0.0000000000000000e+00];
g_cv(3,:)=[0.0000000000000000e+00,0.0000000000000000e+00,0.0000000000000000e+00];
VBias_cv(3,:)=[0.0000000000000000e+00,0.0000000000000000e+00,0.0000000000000000e+00];
Av_cv(3,:)=[0.0000000000000000e+00,0.0000000000000000e+00,0.0000000000000000e+00];
As_cv(3,:)=[0.0000000000000000e+00,0.0000000000000000e+00,0.0000000000000000e+00];
Posgv_cv(3,:)=[0.0000000000000000e+00,0.0000000000000000e+00,0.0000000000000000e+00];
SMM_cv(3,:)=0;
TProc0_cv(3,:)=8.1358011999999993e-02;
TProc1_cv(3,:)=8.1859699999999994e-02;
TProc2_cv(3,:)=5.0028069999999997e-03;
Kp_cv(4,:)=9.9986786132335836e-01;
RKp_cv(4,:)=1.2137841410519077e-04;
Rot_cv(4,:,:)=[9.9999867035205225e-01,-1.0568927992368954e-03,-1.2418823367317719e-03;1.0568641431246090e-03,9.9999944123736073e-01,-2.3730764536120093e-05;1.2419067236884795e-03,2.2418232070836548e-05,9.9999922858225865e-01];
Vel_cv(4,:)=[2.8153365124218154e-03,5.0499826517925858e-03,3.3839308904296743e-03];
RotGiro_cv(4,:)=[0.0000000000000000e+00,0.0000000000000000e+00,0.0000000000000000e+00];
t_cv(4,:)=3.1578663609999999e+03;
dt_cv(4,:)=3.9997999999741296e-02;
i_cv(4,:)=6;
Pose_cv(4,:,:)=[9.9999081571177839e-01,-4.0256721236289752e-03,-1.4705291717823053e-03;4.0183563583442985e-03,9.9997970240184775e-01,-4.9444510806792054e-03;1.4904040624542508e-03,4.9384965591677890e-03,9.9998669488521974e-01];
Pos_cv(4,:)=[-1.8537075011739667e-03,5.3555514045942765e-03,-1.7108405543984418e-03];
K_cv(4,:)=1.0000000000000000e+00;
KLN_cv(4,:)=7061;
Giro_cv(4,:)=[0.0000000000000000e+00,0.0000000000000000e+00,0.0000000000000000e+00];
Acel_cv(4,:)=[0.0000000000000000e+00,0.0000000000000000e+00,0.0000000000000000e+00];
CAcel_cv(4,:)=[0.0000000000000000e+00,0.0000000000000000e+00,0.0000000000000000e+00];
DGiro_cv(4,:)=[0.0000000000000000e+00,0.0000000000000000e+00,0.0000000000000000e+00];
GBias_cv(4,:)=[0.0000000000000000e+00,0.0000000000000000e+00,0.0000000000000000e+00];
dWv_cv(4,:)=[0.0000000000000000e+00,0.0000000000000000e+00,0.0000000000000000e+00];
dWgv_cv(4,:)=[0.0000000000000000e+00,0.0000000000000000e+00,0.0000000000000000e+00];
g_cv(4,:)=[0.0000000000000000e+00,0.0000000000000000e+00,0.0000000000000000e+00];
VBias_cv(4,:)=[0.0000000000000000e+00,0.0000000000000000e+00,0.0000000000000000e+00];
Av_cv(4,:)=[0.0000000000000000e+00,0.0000000000000000e+00,0.0000000000000000e+00];
As_cv(4,:)=[0.0000000000000000e+00,0.0000000000000000e+00,0.0000000000000000e+00];
Posgv_cv(4,:)=[0.0000000000000000e+00,0.0000000000000000e+00,0.0000000000000000e+00];
SMM_cv(4,:)=0;
TProc0_cv(4,:)=1.2480076700000001e-01;
TProc1_cv(4,:)=1.8623796600000000e-01;
TProc2_cv(4,:)=4.9694470000000001e-03;
Kp_cv(5,:)=1.0001182109333442e+00;
RKp_cv(5,:)=1.1736776775603579e-04;
Rot_cv(5,:,:)=[9.9999672882021706e-01,3.8681665493212931e-04,-2.5283832266383322e-03;-3.9082399331933634e-04,9.9999866808674143e-01,-1.5846391858918428e-03;2.5277668942220275e-03,1.5856221550814534e-03,9.9999554808854507e-01];
Vel_cv(5,:)=[-1.2470700188943161e-03,-8.5615303291338861e-04,-1.8303395389791997e-04];
RotGiro_cv(5,:)=[0.0000000000000000e+00,0.0000000000000000e+00,0.0000000000000000e+00];
t_cv(5,:)=3.1579464730000000e+03;
dt_cv(5,:)=8.0112000000099215e-02;
i_cv(5,:)=8;
Pose_cv(5,:,:)=[9.9998540073633657e-01,-3.6411853631208892e-03,-3.9925033925580300e-03;3.6150287332954055e-03,9.9997208485161038e-01,-6.5391960347583253e-03;4.0162023661217275e-03,6.5246675528293618e-03,9.9997064898519850e-01];
Pos_cv(5,:)=[-1.9533030309427462e-03,5.2866999126802029e-03,-1.7263520946859759e-03];
K_cv(5,:)=1.0000000000000000e+00;
KLN_cv(5,:)=6798;
Giro_cv(5,:)=[0.0000000000000000e+00,0.0000000000000000e+00,0.0000000000000000e+00];
Acel_cv(5,:)=[0.0000000000000000e+00,0.0000000000000000e+00,0.0000000000000000e+00];
CAcel_cv(5,:)=[0.0000000000000000e+00,0.0000000000000000e+00,0.0000000000000000e+00];
DGiro_cv(5,:)=[0.0000000000000000e+00,0.0000000000000000e+00,0.0000000000000000e+00];
GBias_cv(5,:)=[0.0000000000000000e+00,0.0000000000000000e+00,0.0000000000000000e+00];
dWv_cv(5,:)=[0.0000000000000000e+00,0.0000000000000000e+00,0.0000000000000000e+00];
dWgv_cv(5,:)=[0.0000000000000000e+00,0.0000000000000000e+00,0.0000000000000000e+00];
g_cv(5,:)=[0.0000000000000000e+00,0.0000000000000000e+00,0.0000000000000000e+00];
VBias_cv(5,:)=[0.0000000000000000e+00,0.0000000000000000e+00,0.0000000000000000e+00];
Av_cv(5,:)=[0.0000000000000000e+00,0.0000000000000000e+00,0.0000000000000000e+00];
As_cv(5,:)=[0.0000000000000000e+00,0.0000000000000000e+00,0.0000000000000000e+00];
Posgv_cv(5,:)=[0.0000000000000000e+00,0.0000000000000000e+00,0.0000000000000000e+00];
SMM_cv(5,:)=0;
TProc0_cv(5,:)=1.0215336699999999e-01;
TProc1_cv(5,:)=1.2698178199999999e-01;
TProc2_cv(5,:)=1.5817299999999999e-02;
Kp_cv(6,:)=9.9985874501721550e-01;
RKp_cv(6,:)=1.1287991048549908e-04;
Rot_cv(6,:,:)=[9.9999447171173339e-01,-6.8210458741521630e-04,-3.2544245732757039e-03;6.8723366616841425e-04,9.9999852326639727e-01,1.5751745657992498e-03;3.2533453335602644e-03,-1.5774024079109467e-03,9.9999346375153075e-01];
Vel_cv(6,:)=[3.7077201894241837e-03,2.3330752247635728e-03,-8.9209611152111503e-04];
RotGiro_cv(6,:)=[0.0000000000000000e+00,0.0000000000000000e+00,0.0000000000000000e+00];
t_cv(6,:)=3.1580665880000001e+03;
dt_cv(6,:)=1.2011500000016895e-01;
i_cv(6,:)=10;
Pose_cv(6,:,:)=[9.9996438119133113e-01,-4.3169768307855941e-03,-7.2525898602104760e-03;4.2809489674082036e-03,9.9997845727511936e-01,-4.9757875367234814e-03;7.2739139791733968e-03,4.9445623380260963e-03,9.9996131999128279e-01];
Pos_cv(6,:)=[-1.5083987164730426e-03,5.5693709150387042e-03,-1.8288769654139633e-03];
K_cv(6,:)=1.0000000000000000e+00;
KLN_cv(6,:)=6637;
Giro_cv(6,:)=[0.0000000000000000e+00,0.0000000000000000e+00,0.0000000000000000e+00];
Acel_cv(6,:)=[0.0000000000000000e+00,0.0000000000000000e+00,0.0000000000000000e+00];
CAcel_cv(6,:)=[0.0000000000000000e+00,0.0000000000000000e+00,0.0000000000000000e+00];
DGiro_cv(6,:)=[0.0000000000000000e+00,0.0000000000000000e+00,0.0000000000000000e+00];
GBias_cv(6,:)=[0.0000000000000000e+00,0.0000000000000000e+00,0.0000000000000000e+00];
dWv_cv(6,:)=[0.0000000000000000e+00,0.0000000000000000e+00,0.0000000000000000e+00];
dWgv_cv(6,:)=[0.0000000000000000e+00,0.0000000000000000e+00,0.0000000000000000e+00];
g_cv(6,:)=[0.0000000000000000e+00,0.0000000000000000e+00,0.0000000000000000e+00];
VBias_cv(6,:)=[0.0000000000000000e+00,0.0000000000000000e+00,0.0000000000000000e+00];
Av_cv(6,:)=[0.0000000000000000e+00,0.0000000000000000e+00,0.0000000000000000e+00];
As_cv(6,:)=[0.0000000000000000e+00,0.0000000000000000e+00,0.0000000000000000e+00];
Posgv_cv(6,:)=[0.0000000000000000e+00,0.0000000000000000e+00,0.0000000000000000e+00];
SMM_cv(6,:)=0;
TProc0_cv(6,:)=4.4316794999999999e-02;
TProc1_cv(6,:)=8.2589839999999998e-02;
TProc2_cv(6,:)=1.2957824999999999e-02;
Kp_cv(7,:)=9.9997687161478888e-01;
RKp_cv(7,:)=1.2183548010843404e-04;
Rot_cv(7,:,:)=[9.9999738830223639e-01,1.9602707238449354e-03,-1.1750435717552479e-03;-1.9619629332866956e-03,9.9999703752906866e-01,-1.4407062625502083e-03;1.1722159164146945e-03,1.4430078917936583e-03,9.9999827181754142e-01];
Vel_cv(7,:)=[2.0971568319784898e-03,1.3950374702154081e-03,2.4917082955732608e-03];
RotGiro_cv(7,:)=[0.0000000000000000e+00,0.0000000000000000e+00,0.0000000000000000e+00];
t_cv(7,:)=3.1581667029999999e+03;
dt_cv(7,:)=1.0011499999973239e-01;
i_cv(7,:)=12;
Pose_cv(7,:,:)=[9.9996173773384955e-01,-2.3672286849343647e-03,-8.4213595489595911e-03;2.3131844222571167e-03,9.9997670658625548e-01,-6.4214844650314689e-03;8.4363645089728205e-03,6.4017586067608668e-03,9.9994392104788166e-01];
Pos_cv(7,:)=[-1.3008812809651830e-03,5.7079156203779461e-03,-1.5767682097983403e-03];
K_cv(7,:)=1.0000000000000000e+00;
KLN_cv(7,:)=6443;
Giro_cv(7,:)=[0.0000000000000000e+00,0.0000000000000000e+00,0.0000000000000000e+00];
Acel_cv(7,:)=[0.0000000000000000e+00,0.0000000000000000e+00,0.0000000000000000e+00];
CAcel_cv(7,:)=[0.0000000000000000e+00,0.0000000000000000e+00,0.0000000000000000e+00];
DGiro_cv(7,:)=[0.0000000000000000e+00,0.0000000000000000e+00,0.0000000000000000e+00];
GBias_cv(7,:)=[0.0000000000000000e+00,0.0000000000000000e+00,0.0000000000000000e+00];
dWv_cv(7,:)=[0.0000000000000000e+00,0.0000000000000000e+00,0.0000000000000000e+00];
dWgv_cv(7,:)=[0.0000000000000000e+00,0.0000000000000000e+00,0.0000000000000000e+00];
g_cv(7,:)=[0.0000000000000000e+00,0.0000000000000000e+00,0.0000000000000000e+00];
VBias_cv(7,:)=[0.0000000000000000e+00,0.0000000000000000e+00,0.0000000000000000e+00];
Av_cv(7,:)=[0.0000000000000000e+00,0.0000000000000000e+00,0.0000000000000000e+00];
As_cv(7,:)=[0.0000000000000000e+00,0.0000000000000000e+00,0.0000000000000000e+00];
Posgv_cv(7,:)=[0.0000000000000000e+00,0.0000000000000000e+00,0.0000000000000000e+00];
SMM_cv(7,:)=0;
TProc0_cv(7,:)=2.7313981000000001e-02;
TProc1_cv(7,:)=7.4372884000000000e-02;
TProc2_cv(7,:)=7.0875620000000004e-03;
Kp_cv(8,:)=1.0000143565775599e+00;
RKp_cv(8,:)=1.2341680767883185e-04;
Rot_cv(8,:,:)=[9.9999892474054419e-01,1.4657340784549940e-03,-4.6274903658663487e-05;-1.4656994589293429e-03,9.9999865243050723e-01,7.3950136295924767e-04;4.7358753648728680e-05,-7.3943274270216262e-04,9.9999972549814609e-01];
Vel_cv(8,:)=[-1.0842693607056263e-03,9.2134321768822826e-04,-6.3004251807776681e-04];
RotGiro_cv(8,:)=[0.0000000000000000e+00,0.0000000000000000e+00,0.0000000000000000e+00];
t_cv(8,:)=3.1582266909999998e+03;
dt_cv(8,:)=5.9987999999975727e-02;
i_cv(8,:)=14;
Pose_cv(8,:,:)=[9.9996373333624600e-01,-8.9532046979306015e-04,-8.4693809391957111e-03;8.4721250369743399e-04,9.9998349781725981e-01,-5.6821056072603269e-03;8.4743284813854347e-03,5.6747241708165483e-03,9.9994799027868164e-01];
Pos_cv(8,:)=[-1.3656514562521130e-03,5.7633438950101690e-03,-1.6147987923106871e-03];
K_cv(8,:)=1.0000000000000000e+00;
KLN_cv(8,:)=6473;
Giro_cv(8,:)=[0.0000000000000000e+00,0.0000000000000000e+00,0.0000000000000000e+00];
Acel_cv(8,:)=[0.0000000000000000e+00,0.0000000000000000e+00,0.0000000000000000e+00];
CAcel_cv(8,:)=[0.0000000000000000e+00,0.0000000000000000e+00,0.0000000000000000e+00];
DGiro_cv(8,:)=[0.0000000000000000e+00,0.0000000000000000e+00,0.0000000000000000e+00];
GBias_cv(8,:)=[0.0000000000000000e+00,0.0000000000000000e+00,0.0000000000000000e+00];
dWv_cv(8,:)=[0.0000000000000000e+00,0.0000000000000000e+00,0.0000000000000000e+00];
dWgv_cv(8,:)=[0.0000000000000000e+00,0.0000000000000000e+00,0.0000000000000000e+00];
g_cv(8,:)=[0.0000000000000000e+00,0.0000000000000000e+00,0.0000000000000000e+00];
VBias_cv(8,:)=[0.0000000000000000e+00,0.0000000000000000e+00,0.0000000000000000e+00];
Av_cv(8,:)=[0.0000000000000000e+00,0.0000000000000000e+00,0.0000000000000000e+00];
As_cv(8,:)=[0.0000000000000000e+00,0.0000000000000000e+00,0.0000000000000000e+00];
Posgv_cv(8,:)=[0.0000000000000000e+00,0.0000000000000000e+00,0.0000000000000000e+00];
SMM_cv(8,:)=0;
TProc0_cv(8,:)=2.6347536000000001e-02;
TProc1_cv(8,:)=7.4186930999999998e-02;
TProc2_cv(8,:)=9.8862050000000003e-03;
Kp_cv(9,:)=1.0001230452156262e+00;
RKp_cv(9,:)=1.1978844886825008e-04;
Rot_cv(9,:,:)=[9.9999998264680301e-01,1.4341404722568530e-04,1.1890670611845988e-04;-1.4340153217494591e-04,9.9999998417891844e-01,-1.0525285459210344e-04;-1.1892179897508628e-04,1.0523580136178667e-04,9.9999998739151585e-01];
Vel_cv(9,:)=[1.8181221055505006e-03,2.2360406789566768e-03,4.4637947937894015e-03];
RotGiro_cv(9,:)=[0.0000000000000000e+00,0.0000000000000000e+00,0.0000000000000000e+00];
t_cv(9,:)=3.1582666869999998e+03;
dt_cv(9,:)=3.9995999999973719e-02;
i_cv(9,:)=16;
Pose_cv(9,:,:)=[9.9996485156802306e-01,-7.5280289164163944e-04,-8.3503842036055046e-03;7.0448904947971371e-04,9.9998300553767638e-01,-5.7872559140596542e-03;8.3545989563025159e-03,5.7811697468583955e-03,9.9994838804442154e-01];
Pos_cv(9,:)=[-1.2944945525747195e-03,5.8517930653261821e-03,-1.4351495182195993e-03];
K_cv(9,:)=1.0000000000000000e+00;
KLN_cv(9,:)=6398;
Giro_cv(9,:)=[0.0000000000000000e+00,0.0000000000000000e+00,0.0000000000000000e+00];
Acel_cv(9,:)=[0.0000000000000000e+00,0.0000000000000000e+00,0.0000000000000000e+00];
CAcel_cv(9,:)=[0.0000000000000000e+00,0.0000000000000000e+00,0.0000000000000000e+00];
DGiro_cv(9,:)=[0.0000000000000000e+00,0.0000000000000000e+00,0.0000000000000000e+00];
GBias_cv(9,:)=[0.0000000000000000e+00,0.0000000000000000e+00,0.0000000000000000e+00];
dWv_cv(9,:)=[0.0000000000000000e+00,0.0000000000000000e+00,0.0000000000000000e+00];
dWgv_cv(9,:)=[0.0000000000000000e+00,0.0000000000000000e+00,0.0000000000000000e+00];
g_cv(9,:)=[0.0000000000000000e+00,0.0000000000000000e+00,0.0000000000000000e+00];
VBias_cv(9,:)=[0.0000000000000000e+00,0.0000000000000000e+00,0.0000000000000000e+00];
Av_cv(9,:)=[0.0000000000000000e+00,0.0000000000000000e+00,0.0000000000000000e+00];
As_cv(9,:)=[0.0000000000000000e+00,0.0000000000000000e+00,0.0000000000000000e+00];
Posgv_cv(9,:)=[0.0000000000000000e+00,0.0000000000000000e+00,0.0000000000000000e+00];
SMM_cv(9,:)=0;
TProc0_cv(9,:)=5.0406576000000002e-02;
TProc1_cv(9,:)=1.2039041400000000e-01;
TProc2_cv(9,:)=1.4755687000000000e-02;
Kp_cv(10,:)=1.0000012617592473e+00;
RKp_cv(10,:)=1.2358009359312940e-04;
Rot_cv(10,:,:)=[9.9999940807260923e-01,1.8118436273108020e-04,-1.0728591044503219e-03;-1.8045405190562206e-04,9.9999975199270885e-01,6.8077224969697464e-04;1.0729821836596622e-03,-6.8057824495671999e-04,9.9999919276091720e-01];
Vel_cv(10,:)=[-7.4873573192122040e-04,-7.5569141019441832e-04,3.6715099980862885e-04];
RotGiro_cv(10,:)=[0.0000000000000000e+00,0.0000000000000000e+00,0.0000000000000000e+00];
t_cv(10,:)=3.1583068109999999e+03;
dt_cv(10,:)=4.0124000000105298e-02;
i_cv(10,:)=18;
Pose_cv(10,:,:)=[9.9995543569429257e-01,-5.6594162073019785e-04,-9.4237113453022082e-03;5.1782802479924796e-04,9.9998682385747251e-01,-5.1072463795125917e-03;9.4264775804318440e-03,5.1021389167913451e-03,9.9994255319938208e-01];
Pos_cv(10,:)=[-1.3246571521809544e-03,5.8213813082306411e-03,-1.4208566943946727e-03];
K_cv(10,:)=1.0000000000000000e+00;
KLN_cv(10,:)=6323;
Giro_cv(10,:)=[0.0000000000000000e+00,0.0000000000000000e+00,0.0000000000000000e+00];
Acel_cv(10,:)=[0.0000000000000000e+00,0.0000000000000000e+00,0.0000000000000000e+00];
CAcel_cv(10,:)=[0.0000000000000000e+00,0.0000000000000000e+00,0.0000000000000000e+00];
DGiro_cv(10,:)=[0.0000000000000000e+00,0.0000000000000000e+00,0.0000000000000000e+00];
GBias_cv(10,:)=[0.0000000000000000e+00,0.0000000000000000e+00,0.0000000000000000e+00];
dWv_cv(10,:)=[0.0000000000000000e+00,0.0000000000000000e+00,0.0000000000000000e+00];
dWgv_cv(10,:)=[0.0000000000000000e+00,0.0000000000000000e+00,0.0000000000000000e+00];
g_cv(10,:)=[0.0000000000000000e+00,0.0000000000000000e+00,0.0000000000000000e+00];
VBias_cv(10,:)=[0.0000000000000000e+00,0.0000000000000000e+00,0.0000000000000000e+00];
Av_cv(10,:)=[0.0000000000000000e+00,0.0000000000000000e+00,0.0000000000000000e+00];
As_cv(10,:)=[0.0000000000000000e+00,0.0000000000000000e+00,0.0000000000000000e+00];
Posgv_cv(10,:)=[0.0000000000000000e+00,0.0000000000000000e+00,0.0000000000000000e+00];
SMM_cv(10,:)=0;
TProc0_cv(10,:)=3.5611729000000002e-02;
TProc1_cv(10,:)=7.1161596999999993e-02;
TProc2_cv(10,:)=7.6077560000000002e-03;
Kp_cv(11,:)=9.9999551219156113e-01;
RKp_cv(11,:)=1.3244961332039068e-04;
Rot_cv(11,:,:)=[9.9999892081199537e-01,6.3370404337670600e-04,1.3254410699426774e-03;-6.3466202569176060e-04,9.9999953762104588e-01,7.2246924326614377e-04;-1.3249826254059357e-03,-7.2330967070041122e-04,9.9999886062143217e-01];
Vel_cv(11,:)=[-7.3293877341305165e-03,1.6513029190918416e-03,4.6450178602434221e-03];
RotGiro_cv(11,:)=[0.0000000000000000e+00,0.0000000000000000e+00,0.0000000000000000e+00];
t_cv(11,:)=3.1583468039999998e+03;
dt_cv(11,:)=3.9992999999867607e-02;
i_cv(11,:)=20;
Pose_cv(11,:,:)=[9.9996720198983602e-01,7.4550705295232071e-05,-8.0987274809602942e-03;-1.1005918461247663e-04,9.9999038375502081e-01,-4.3840944859858668e-03;8.0983227642767910e-03,4.3848420357532353e-03,9.9995759426524011e-01];
Pos_cv(11,:)=[-1.6192713045909354e-03,5.8866390664841723e-03,-1.2371806097455206e-03];
K_cv(11,:)=1.0000000000000000e+00;
KLN_cv(11,:)=6206;
Giro_cv(11,:)=[0.0000000000000000e+00,0.0000000000000000e+00,0.0000000000000000e+00];
Acel_cv(11,:)=[0.0000000000000000e+00,0.0000000000000000e+00,0.0000000000000000e+00];
CAcel_cv(11,:)=[0.0000000000000000e+00,0.0000000000000000e+00,0.0000000000000000e+00];
DGiro_cv(11,:)=[0.0000000000000000e+00,0.0000000000000000e+00,0.0000000000000000e+00];
GBias_cv(11,:)=[0.0000000000000000e+00,0.0000000000000000e+00,0.0000000000000000e+00];
dWv_cv(11,:)=[0.0000000000000000e+00,0.0000000000000000e+00,0.0000000000000000e+00];
dWgv_cv(11,:)=[0.0000000000000000e+00,0.0000000000000000e+00,0.0000000000000000e+00];
g_cv(11,:)=[0.0000000000000000e+00,0.0000000000000000e+00,0.0000000000000000e+00];
VBias_cv(11,:)=[0.0000000000000000e+00,0.0000000000000000e+00,0.0000000000000000e+00];
Av_cv(11,:)=[0.0000000000000000e+00,0.0000000000000000e+00,0.0000000000000000e+00];
As_cv(11,:)=[0.0000000000000000e+00,0.0000000000000000e+00,0.0000000000000000e+00];
Posgv_cv(11,:)=[0.0000000000000000e+00,0.0000000000000000e+00,0.0000000000000000e+00];
SMM_cv(11,:)=0;
TProc0_cv(11,:)=6.9547104999999998e-02;
TProc1_cv(11,:)=8.9275609000000006e-02;
TProc2_cv(11,:)=8.8252299999999999e-03;
Kp_cv(12,:)=1.0001695047602410e+00;
RKp_cv(12,:)=1.3049644164141340e-04;
Rot_cv(12,:,:)=[9.9999991671997324e-01,-3.7173471659748667e-04,-1.6844389908711124e-04;3.7178804526388011e-04,9.9999988074517077e-01,3.1667537574426371e-04;1.6832615976830715e-04,-3.1673797479950814e-04,9.9999993567167755e-01];
Vel_cv(12,:)=[3.8510799205235080e-03,1.2942455844758838e-03,1.5239283440233319e-03];
RotGiro_cv(12,:)=[0.0000000000000000e+00,0.0000000000000000e+00,0.0000000000000000e+00];
t_cv(12,:)=3.1583868010000001e+03;
dt_cv(12,:)=3.9997000000312255e-02;
i_cv(12,:)=22;
Pose_cv(12,:,:)=[9.9996578320190577e-01,-2.9460665349300048e-04,-8.2671417260725272e-03;2.6098733682332429e-04,9.9999169402336696e-01,-4.0674033346499655e-03;8.2682713434713388e-03,4.0651065418289938e-03,9.9995755439808232e-01];
Pos_cv(12,:)=[-1.4657640855371664e-03,5.9381968588147717e-03,-1.1747466254487546e-03];
K_cv(12,:)=1.0000000000000000e+00;
KLN_cv(12,:)=6218;
Giro_cv(12,:)=[0.0000000000000000e+00,0.0000000000000000e+00,0.0000000000000000e+00];
Acel_cv(12,:)=[0.0000000000000000e+00,0.0000000000000000e+00,0.0000000000000000e+00];
CAcel_cv(12,:)=[0.0000000000000000e+00,0.0000000000000000e+00,0.0000000000000000e+00];
DGiro_cv(12,:)=[0.0000000000000000e+00,0.0000000000000000e+00,0.0000000000000000e+00];
GBias_cv(12,:)=[0.0000000000000000e+00,0.0000000000000000e+00,0.0000000000000000e+00];
dWv_cv(12,:)=[0.0000000000000000e+00,0.0000000000000000e+00,0.0000000000000000e+00];
dWgv_cv(12,:)=[0.0000000000000000e+00,0.0000000000000000e+00,0.0000000000000000e+00];
g_cv(12,:)=[0.0000000000000000e+00,0.0000000000000000e+00,0.0000000000000000e+00];
VBias_cv(12,:)=[0.0000000000000000e+00,0.0000000000000000e+00,0.0000000000000000e+00];
Av_cv(12,:)=[0.0000000000000000e+00,0.0000000000000000e+00,0.0000000000000000e+00];
As_cv(12,:)=[0.0000000000000000e+00,0.0000000000000000e+00,0.0000000000000000e+00];
Posgv_cv(12,:)=[0.0000000000000000e+00,0.0000000000000000e+00,0.0000000000000000e+00];
SMM_cv(12,:)=0;
TProc0_cv(12,:)=8.8346179999999996e-02;
TProc1_cv(12,:)=7.4716096999999995e-02;
TProc2_cv(12,:)=8.7306269999999995e-03;
Kp_cv(13,:)=1.0000381403183654e+00;
RKp_cv(13,:)=1.2765890083975677e-04;
Rot_cv(13,:,:)=[9.9999989969099690e-01,-4.4788327180668300e-04,-4.3093988024103988e-06;4.4788362973648436e-04,9.9999989622079033e-01,8.3418599545846407e-05;4.2720365598902715e-06,-8.3420521287387453e-05,9.9999999651138316e-01];
Vel_cv(13,:)=[-4.6539427084355944e-04,2.4727370876171766e-03,7.5826269964551643e-03];
RotGiro_cv(13,:)=[0.0000000000000000e+00,0.0000000000000000e+00,0.0000000000000000e+00];
t_cv(13,:)=3.1584669180000001e+03;
dt_cv(13,:)=8.0116999999972904e-02;
i_cv(13,:)=24;
Pose_cv(13,:,:)=[9.9996551562930591e-01,-7.4178492032181095e-04,-8.2714755242546695e-03;7.0884984417371672e-04,9.9999181265806347e-01,-3.9839865384859625e-03;8.2743630639932290e-03,3.9779859190808009e-03,9.9995785438382967e-01];
Pos_cv(13,:)=[-1.5082206455549331e-03,6.1338568227397071e-03,-5.6679534762739002e-04];
K_cv(13,:)=1.0000000000000000e+00;
KLN_cv(13,:)=6155;
Giro_cv(13,:)=[0.0000000000000000e+00,0.0000000000000000e+00,0.0000000000000000e+00];
Acel_cv(13,:)=[0.0000000000000000e+00,0.0000000000000000e+00,0.0000000000000000e+00];
CAcel_cv(13,:)=[0.0000000000000000e+00,0.0000000000000000e+00,0.0000000000000000e+00];
DGiro_cv(13,:)=[0.0000000000000000e+00,0.0000000000000000e+00,0.0000000000000000e+00];
GBias_cv(13,:)=[0.0000000000000000e+00,0.0000000000000000e+00,0.0000000000000000e+00];
dWv_cv(13,:)=[0.0000000000000000e+00,0.0000000000000000e+00,0.0000000000000000e+00];
dWgv_cv(13,:)=[0.0000000000000000e+00,0.0000000000000000e+00,0.0000000000000000e+00];
g_cv(13,:)=[0.0000000000000000e+00,0.0000000000000000e+00,0.0000000000000000e+00];
VBias_cv(13,:)=[0.0000000000000000e+00,0.0000000000000000e+00,0.0000000000000000e+00];
Av_cv(13,:)=[0.0000000000000000e+00,0.0000000000000000e+00,0.0000000000000000e+00];
As_cv(13,:)=[0.0000000000000000e+00,0.0000000000000000e+00,0.0000000000000000e+00];
Posgv_cv(13,:)=[0.0000000000000000e+00,0.0000000000000000e+00,0.0000000000000000e+00];
SMM_cv(13,:)=0;
TProc0_cv(13,:)=1.1445105100000000e-01;
TProc1_cv(13,:)=8.6629647000000004e-02;
TProc2_cv(13,:)=1.2950039000000000e-02;
Kp_cv(14,:)=1.0000778332118048e+00;
RKp_cv(14,:)=1.2974784232255547e-04;
Rot_cv(14,:,:)=[9.9999943707521766e-01,7.1493268153678593e-04,-7.8404113966335724e-04;-7.1532724435802142e-04,9.9999961760986156e-01,-5.0307759252767286e-04;7.8368117324148772e-04,5.0363815532076248e-04,9.9999956609611940e-01];
Vel_cv(14,:)=[3.2565926809782563e-04,1.7924674481252189e-03,5.1728212478901634e-03];
RotGiro_cv(14,:)=[0.0000000000000000e+00,0.0000000000000000e+00,0.0000000000000000e+00];
t_cv(14,:)=3.1585470319999999e+03;
dt_cv(14,:)=8.0113999999866792e-02;
i_cv(14,:)=26;
Pose_cv(14,:,:)=[9.9995900114325542e-01,-3.1042439812214539e-05,-9.0551128623555105e-03;-9.5941178293618342e-06,9.9998993056334462e-01,-4.4876140509178221e-03;9.0551609889591711e-03,4.4875169396919436e-03,9.9994893182161027e-01];
Pos_cv(14,:)=[-1.4858888845856260e-03,6.2755971272022461e-03,-1.5152044644399271e-04];
K_cv(14,:)=1.0000000000000000e+00;
KLN_cv(14,:)=6220;
Giro_cv(14,:)=[0.0000000000000000e+00,0.0000000000000000e+00,0.0000000000000000e+00];
Acel_cv(14,:)=[0.0000000000000000e+00,0.0000000000000000e+00,0.0000000000000000e+00];
CAcel_cv(14,:)=[0.0000000000000000e+00,0.0000000000000000e+00,0.0000000000000000e+00];
DGiro_cv(14,:)=[0.0000000000000000e+00,0.0000000000000000e+00,0.0000000000000000e+00];
GBias_cv(14,:)=[0.0000000000000000e+00,0.0000000000000000e+00,0.0000000000000000e+00];
dWv_cv(14,:)=[0.0000000000000000e+00,0.0000000000000000e+00,0.0000000000000000e+00];
dWgv_cv(14,:)=[0.0000000000000000e+00,0.0000000000000000e+00,0.0000000000000000e+00];
g_cv(14,:)=[0.0000000000000000e+00,0.0000000000000000e+00,0.0000000000000000e+00];
VBias_cv(14,:)=[0.0000000000000000e+00,0.0000000000000000e+00,0.0000000000000000e+00];
Av_cv(14,:)=[0.0000000000000000e+00,0.0000000000000000e+00,0.0000000000000000e+00];
As_cv(14,:)=[0.0000000000000000e+00,0.0000000000000000e+00,0.0000000000000000e+00];
Posgv_cv(14,:)=[0.0000000000000000e+00,0.0000000000000000e+00,0.0000000000000000e+00];
SMM_cv(14,:)=0;
TProc0_cv(14,:)=3.1594745000000000e-02;
TProc1_cv(14,:)=6.9972931000000002e-02;
TProc2_cv(14,:)=7.6834149999999999e-03;
Kp_cv(15,:)=9.9997859580542370e-01;
RKp_cv(15,:)=1.3241853318182427e-04;
Rot_cv(15,:,:)=[9.9998785005032820e-01,-3.7587598231286393e-04,-4.9151265465138157e-03;3.7292650907813190e-04,9.9999974987225770e-01,-6.0098356127646706e-04;4.9153512123907579e-03,5.9914327837178201e-04,9.9998774009974289e-01];
Vel_cv(15,:)=[-5.4094814449676327e-04,1.1125560826969628e-03,3.2913906237606902e-03];
RotGiro_cv(15,:)=[0.0000000000000000e+00,0.0000000000000000e+00,0.0000000000000000e+00];
t_cv(15,:)=3.1586670199999999e+03;
dt_cv(15,:)=1.1998799999992116e-01;
i_cv(15,:)=28;
Pose_cv(15,:,:)=[9.9990233105518267e-01,-4.1232831388132870e-04,-1.3969908223523626e-02;3.4127055349103785e-04,9.9998699532052493e-01,-5.0884893866244979e-03;1.3971824677593829e-02,5.0832248809236976e-03,9.9988946836137238e-01];
Pos_cv(15,:)=[-1.5563619734492123e-03,6.4070570356965142e-03,2.4313498339638591e-04];
K_cv(15,:)=1.0000000000000000e+00;
KLN_cv(15,:)=6154;
Giro_cv(15,:)=[0.0000000000000000e+00,0.0000000000000000e+00,0.0000000000000000e+00];
Acel_cv(15,:)=[0.0000000000000000e+00,0.0000000000000000e+00,0.0000000000000000e+00];
CAcel_cv(15,:)=[0.0000000000000000e+00,0.0000000000000000e+00,0.0000000000000000e+00];
DGiro_cv(15,:)=[0.0000000000000000e+00,0.0000000000000000e+00,0.0000000000000000e+00];
GBias_cv(15,:)=[0.0000000000000000e+00,0.0000000000000000e+00,0.0000000000000000e+00];
dWv_cv(15,:)=[0.0000000000000000e+00,0.0000000000000000e+00,0.0000000000000000e+00];
dWgv_cv(15,:)=[0.0000000000000000e+00,0.0000000000000000e+00,0.0000000000000000e+00];
g_cv(15,:)=[0.0000000000000000e+00,0.0000000000000000e+00,0.0000000000000000e+00];
VBias_cv(15,:)=[0.0000000000000000e+00,0.0000000000000000e+00,0.0000000000000000e+00];
Av_cv(15,:)=[0.0000000000000000e+00,0.0000000000000000e+00,0.0000000000000000e+00];
As_cv(15,:)=[0.0000000000000000e+00,0.0000000000000000e+00,0.0000000000000000e+00];
Posgv_cv(15,:)=[0.0000000000000000e+00,0.0000000000000000e+00,0.0000000000000000e+00];
SMM_cv(15,:)=0;
TProc0_cv(15,:)=2.0443414000000000e-02;
TProc1_cv(15,:)=1.0429146000000000e-01;
TProc2_cv(15,:)=4.8588790000000000e-03;
Kp_cv(16,:)=1.0000336884843992e+00;
RKp_cv(16,:)=1.3897290539582728e-04;
Rot_cv(16,:,:)=[9.9999945031914961e-01,7.1059636935062894e-04,7.7098261881002506e-04;-7.1057675344127766e-04,9.9999974720964113e-01,-2.5716361681387682e-05;-7.7100069786629468e-04,2.5168505219397622e-05,9.9999970246219083e-01];
Vel_cv(16,:)=[-3.9053741376102364e-04,-5.3126057162258319e-03,-8.9088694514723368e-03];
RotGiro_cv(16,:)=[0.0000000000000000e+00,0.0000000000000000e+00,0.0000000000000000e+00];
t_cv(16,:)=3.1587071400000000e+03;
dt_cv(16,:)=4.0120000000115397e-02;
i_cv(16,:)=30;
Pose_cv(16,:,:)=[9.9991284522792312e-01,2.9784715479629894e-04,-1.3198986145612514e-02;-3.6537391784903419e-04,9.9998685696939815e-01,-5.1139407861898077e-03;1.3197289498220683e-02,5.1183176471258311e-03,9.9989981216838053e-01];
Pos_cv(16,:)=[-1.5673748202342682e-03,6.1957516648653852e-03,-1.1555075651060017e-04];
K_cv(16,:)=1.0000000000000000e+00;
KLN_cv(16,:)=6110;
Giro_cv(16,:)=[0.0000000000000000e+00,0.0000000000000000e+00,0.0000000000000000e+00];
Acel_cv(16,:)=[0.0000000000000000e+00,0.0000000000000000e+00,0.0000000000000000e+00];
CAcel_cv(16,:)=[0.0000000000000000e+00,0.0000000000000000e+00,0.0000000000000000e+00];
DGiro_cv(16,:)=[0.0000000000000000e+00,0.0000000000000000e+00,0.0000000000000000e+00];
GBias_cv(16,:)=[0.0000000000000000e+00,0.0000000000000000e+00,0.0000000000000000e+00];
dWv_cv(16,:)=[0.0000000000000000e+00,0.0000000000000000e+00,0.0000000000000000e+00];
dWgv_cv(16,:)=[0.0000000000000000e+00,0.0000000000000000e+00,0.0000000000000000e+00];
g_cv(16,:)=[0.0000000000000000e+00,0.0000000000000000e+00,0.0000000000000000e+00];
VBias_cv(16,:)=[0.0000000000000000e+00,0.0000000000000000e+00,0.0000000000000000e+00];
Av_cv(16,:)=[0.0000000000000000e+00,0.0000000000000000e+00,0.0000000000000000e+00];
As_cv(16,:)=[0.0000000000000000e+00,0.0000000000000000e+00,0.0000000000000000e+00];
Posgv_cv(16,:)=[0.0000000000000000e+00,0.0000000000000000e+00,0.0000000000000000e+00];
SMM_cv(16,:)=0;
TProc0_cv(16,:)=4.2187789000000003e-02;
TProc1_cv(16,:)=9.9562745999999994e-02;
TProc2_cv(16,:)=8.3519540000000000e-03;
Kp_cv(17,:)=1.0001048442043554e+00;
RKp_cv(17,:)=1.3975221590756590e-04;
Rot_cv(17,:,:)=[9.9999958493241337e-01,-2.9135000525624331e-04,-8.6327873562555069e-04;2.9056232418004187e-04,9.9999954153647896e-01,-9.1241458100873533e-04;8.6354417183671310e-04,9.1216336601918015e-04,9.9999921112441736e-01];
Vel_cv(17,:)=[1.4432018569776066e-03,-7.5936097345865173e-04,-2.4902822680228612e-03];
RotGiro_cv(17,:)=[0.0000000000000000e+00,0.0000000000000000e+00,0.0000000000000000e+00];
t_cv(17,:)=3.1588071310000000e+03;
dt_cv(17,:)=9.9991000000045460e-02;
i_cv(17,:)=32;
Pose_cv(17,:,:)=[9.9990111883211297e-01,-5.5172260993193816e-06,-1.4062450990105686e-02;-7.9231374644672748e-05,9.9998184021415448e-01,-6.0260239215089344e-03;1.4062228865943650e-02,6.0265422485486818e-03,9.9988296040479052e-01];
Pos_cv(17,:)=[-1.4195798416390942e-03,6.1213128619631617e-03,-3.6295573731529230e-04];
K_cv(17,:)=1.0000000000000000e+00;
KLN_cv(17,:)=6171;
Giro_cv(17,:)=[0.0000000000000000e+00,0.0000000000000000e+00,0.0000000000000000e+00];
Acel_cv(17,:)=[0.0000000000000000e+00,0.0000000000000000e+00,0.0000000000000000e+00];
CAcel_cv(17,:)=[0.0000000000000000e+00,0.0000000000000000e+00,0.0000000000000000e+00];
DGiro_cv(17,:)=[0.0000000000000000e+00,0.0000000000000000e+00,0.0000000000000000e+00];
GBias_cv(17,:)=[0.0000000000000000e+00,0.0000000000000000e+00,0.0000000000000000e+00];
dWv_cv(17,:)=[0.0000000000000000e+00,0.0000000000000000e+00,0.0000000000000000e+00];
dWgv_cv(17,:)=[0.0000000000000000e+00,0.0000000000000000e+00,0.0000000000000000e+00];
g_cv(17,:)=[0.0000000000000000e+00,0.0000000000000000e+00,0.0000000000000000e+00];
VBias_cv(17,:)=[0.0000000000000000e+00,0.0000000000000000e+00,0.0000000000000000e+00];
Av_cv(17,:)=[0.0000000000000000e+00,0.0000000000000000e+00,0.0000000000000000e+00];
As_cv(17,:)=[0.0000000000000000e+00,0.0000000000000000e+00,0.0000000000000000e+00];
Posgv_cv(17,:)=[0.0000000000000000e+00,0.0000000000000000e+00,0.0000000000000000e+00];
SMM_cv(17,:)=0;
TProc0_cv(17,:)=4.8287086999999999e-02;
TProc1_cv(17,:)=7.6091737000000007e-02;
TProc2_cv(17,:)=4.9989079999999998e-03;
Kp_cv(18,:)=9.9993755750615365e-01;
RKp_cv(18,:)=1.4312199796114749e-04;
Rot_cv(18,:,:)=[9.9999980026148283e-01,-8.3891140700595177e-05,6.2644973529473391e-04;8.3838824237653789e-05,9.9999999299619191e-01,8.3538420208204155e-05;-6.2645673904056373e-04,-8.3485882713112882e-05,9.9999980029101077e-01];
Vel_cv(18,:)=[2.8120451360874297e-05,7.5756888430978287e-04,-1.4690085385654522e-03];
RotGiro_cv(18,:)=[0.0000000000000000e+00,0.0000000000000000e+00,0.0000000000000000e+00];
t_cv(18,:)=3.1588672440000000e+03;
dt_cv(18,:)=6.0113000000001193e-02;
i_cv(18,:)=34;
Pose_cv(18,:,:)=[9.9990972816797863e-01,-8.8226055373286270e-05,-1.3436060851394878e-02;8.3809862186935375e-06,9.9998234294521038e-01,-5.9425354493630777e-03;1.3436347896593835e-02,5.9418863983603859e-03,9.9989207344654463e-01];
Pos_cv(18,:)=[-1.4167071156881629e-03,6.1673765749430216e-03,-4.5095941215939815e-04];
K_cv(18,:)=1.0000000000000000e+00;
KLN_cv(18,:)=6114;
Giro_cv(18,:)=[0.0000000000000000e+00,0.0000000000000000e+00,0.0000000000000000e+00];
Acel_cv(18,:)=[0.0000000000000000e+00,0.0000000000000000e+00,0.0000000000000000e+00];
CAcel_cv(18,:)=[0.0000000000000000e+00,0.0000000000000000e+00,0.0000000000000000e+00];
DGiro_cv(18,:)=[0.0000000000000000e+00,0.0000000000000000e+00,0.0000000000000000e+00];
GBias_cv(18,:)=[0.0000000000000000e+00,0.0000000000000000e+00,0.0000000000000000e+00];
dWv_cv(18,:)=[0.0000000000000000e+00,0.0000000000000000e+00,0.0000000000000000e+00];
dWgv_cv(18,:)=[0.0000000000000000e+00,0.0000000000000000e+00,0.0000000000000000e+00];
g_cv(18,:)=[0.0000000000000000e+00,0.0000000000000000e+00,0.0000000000000000e+00];
VBias_cv(18,:)=[0.0000000000000000e+00,0.0000000000000000e+00,0.0000000000000000e+00];
Av_cv(18,:)=[0.0000000000000000e+00,0.0000000000000000e+00,0.0000000000000000e+00];
As_cv(18,:)=[0.0000000000000000e+00,0.0000000000000000e+00,0.0000000000000000e+00];
Posgv_cv(18,:)=[0.0000000000000000e+00,0.0000000000000000e+00,0.0000000000000000e+00];
SMM_cv(18,:)=0;
TProc0_cv(18,:)=5.0963359000000000e-02;
TProc1_cv(18,:)=1.1331850600000000e-01;
TProc2_cv(18,:)=4.6862249999999996e-03;
Kp_cv(19,:)=9.9997069653943049e-01;
RKp_cv(19,:)=1.4126152651631070e-04;
Rot_cv(19,:,:)=[9.9999979873567479e-01,2.3525739719123466e-04,-5.8922200143435288e-04;-2.3483838802990542e-04,9.9999971960022427e-01,7.1109099588531480e-04;5.8938912563349401e-04,-7.1095248082305676e-04,9.9999957358342340e-01];
Vel_cv(19,:)=[-7.5709894491575880e-04,-6.1511334695953232e-04,-1.1219037965044920e-03];
RotGiro_cv(19,:)=[0.0000000000000000e+00,0.0000000000000000e+00,0.0000000000000000e+00];
t_cv(19,:)=3.1589673590000002e+03;
dt_cv(19,:)=1.0011500000018714e-01;
i_cv(19,:)=36;
Pose_cv(19,:,:)=[9.9990162857252940e-01,1.5656253023506222e-04,-1.4025286670074202e-02;-2.2995572271626740e-04,9.9998628938239487e-01,-5.2314594135162889e-03;1.4024275324209214e-02,5.2341699823185497e-03,9.9988795530610652e-01];
Pos_cv(19,:)=[-1.4909309499846343e-03,6.1064003708602797e-03,-5.6465155443854434e-04];
K_cv(19,:)=1.0000000000000000e+00;
KLN_cv(19,:)=6079;
Giro_cv(19,:)=[0.0000000000000000e+00,0.0000000000000000e+00,0.0000000000000000e+00];
Acel_cv(19,:)=[0.0000000000000000e+00,0.0000000000000000e+00,0.0000000000000000e+00];
CAcel_cv(19,:)=[0.0000000000000000e+00,0.0000000000000000e+00,0.0000000000000000e+00];
DGiro_cv(19,:)=[0.0000000000000000e+00,0.0000000000000000e+00,0.0000000000000000e+00];
GBias_cv(19,:)=[0.0000000000000000e+00,0.0000000000000000e+00,0.0000000000000000e+00];
dWv_cv(19,:)=[0.0000000000000000e+00,0.0000000000000000e+00,0.0000000000000000e+00];
dWgv_cv(19,:)=[0.0000000000000000e+00,0.0000000000000000e+00,0.0000000000000000e+00];
g_cv(19,:)=[0.0000000000000000e+00,0.0000000000000000e+00,0.0000000000000000e+00];
VBias_cv(19,:)=[0.0000000000000000e+00,0.0000000000000000e+00,0.0000000000000000e+00];
Av_cv(19,:)=[0.0000000000000000e+00,0.0000000000000000e+00,0.0000000000000000e+00];
As_cv(19,:)=[0.0000000000000000e+00,0.0000000000000000e+00,0.0000000000000000e+00];
Posgv_cv(19,:)=[0.0000000000000000e+00,0.0000000000000000e+00,0.0000000000000000e+00];
SMM_cv(19,:)=0;
TProc0_cv(19,:)=3.8460474000000001e-02;
TProc1_cv(19,:)=6.8076349999999994e-02;
TProc2_cv(19,:)=1.2846326000000000e-02;
Kp_cv(20,:)=9.9989730182427827e-01;
RKp_cv(20,:)=1.4293807896307000e-04;
Rot_cv(20,:,:)=[9.9999964782727013e-01,6.5368772516497518e-04,5.2634370299948618e-04;-6.5359521249372843e-04,9.9999977093312509e-01,-1.7591758184780243e-04;-5.2645857759547367e-04,1.7557350417002069e-04,9.9999984600764347e-01];
Vel_cv(20,:)=[-3.1137971305272363e-03,2.0151577011838255e-03,5.2033244475649786e-03];
