Kp_cv(1,:)=1.3422202608438809e+00;
RKp_cv(1,:)=1.5313879038349658e-02;
Rot_cv(1,:,:)=[9.9999975127277618e-01,-7.0139683440594957e-04,-7.4140853420106819e-05;7.0142646648546397e-04,9.9999967383823396e-01,4.0040521679599083e-04;7.3859986286655739e-05,-4.0045712156115015e-04,9.9999991708939473e-01];
Vel_cv(1,:)=[-1.6340738158544474e-03,-1.1107599812432057e-02,-7.1447532037405281e-03];
RotGiro_cv(1,:)=[-8.0086318992096100e-03,-1.4800099707732892e-03,1.4028247925255090e-02];
t_cv(1,:)=1.4036371305383191e+09;
dt_cv(1,:)=4.9999952316284180e-02;
i_cv(1,:)=0;
Pose_cv(1,:,:)=[1.0000000000000000e+00,0.0000000000000000e+00,0.0000000000000000e+00;0.0000000000000000e+00,1.0000000000000000e+00,0.0000000000000000e+00;0.0000000000000000e+00,0.0000000000000000e+00,1.0000000000000000e+00];
Pos_cv(1,:)=[0.0000000000000000e+00,0.0000000000000000e+00,0.0000000000000000e+00];
K_cv(1,:)=1.0000000000000000e+00;
KLN_cv(1,:)=16000;
Giro_cv(1,:)=[1.7602437688398104e-02,2.4197695737416254e-03,7.1523162774311769e-02];
Acel_cv(1,:)=[-5.6607618381206903e-01,-9.3748834582804985e+00,-2.4127890743095586e+00];
CAcel_cv(1,:)=[-5.5451781531649669e-01,-9.3471689963434983e+00,-2.3904410948695367e+00];
DGiro_cv(1,:)=[-8.9761191786343919e-01,-5.7674229387825723e-02,5.3576832661459228e-01];
GBias_cv(1,:)=[1.5494820074273710e-03,1.6387918562678352e-04,3.7309992859590434e-03];
dWv_cv(1,:)=[1.5494822625990411e-03,1.6387922300474333e-04,3.7309993173190552e-03];
dWgv_cv(1,:)=[1.5494820074284862e-03,1.6387918562690146e-04,3.7309992859617287e-03];
g_cv(1,:)=[0.0000000000000000e+00,0.0000000000000000e+00,0.0000000000000000e+00];
VBias_cv(1,:)=[0.0000000000000000e+00,0.0000000000000000e+00,0.0000000000000000e+00];
Av_cv(1,:)=[-3.2681507484603259e-02,-2.2215220810949632e-01,-1.4289520035029307e-01];
As_cv(1,:)=[-1.0675213638310957e-01,-2.3791268755563504e+00,-6.0845136709923386e-01];
Posgv_cv(1,:)=[0.0000000000000000e+00,0.0000000000000000e+00,0.0000000000000000e+00];
Kp_cv(2,:)=1.0082955034132037e+00;
RKp_cv(2,:)=8.7032559077636525e-04;
Rot_cv(2,:,:)=[9.9999951844599899e-01,1.0837663450859187e-04,-9.7537801689039669e-04;-1.0772619166697501e-04,9.9999977182627420e-01,6.6689014682630953e-04;9.7545006964444732e-04,-6.6678475192349755e-04,9.9999930194738451e-01];
Vel_cv(2,:)=[3.0659794885749617e-03,4.7097373982739850e-06,-2.3817758037043917e-03];
RotGiro_cv(2,:)=[-1.3336701241223350e-02,-1.9508211024659657e-02,-2.1610205251589056e-03];
t_cv(2,:)=1.4036371305883191e+09;
dt_cv(2,:)=5.0000190734863281e-02;
i_cv(2,:)=1;
Pose_cv(2,:,:)=[1.0000000000000000e+00,0.0000000000000000e+00,0.0000000000000000e+00;0.0000000000000000e+00,1.0000000000000000e+00,0.0000000000000000e+00;0.0000000000000000e+00,0.0000000000000000e+00,1.0000000000000000e+00];
Pos_cv(2,:)=[0.0000000000000000e+00,0.0000000000000000e+00,0.0000000000000000e+00];
K_cv(2,:)=1.0000000000000000e+00;
KLN_cv(2,:)=16000;
Giro_cv(2,:)=[2.2975535969634371e-02,1.8258084515379090e-03,8.8649807357904273e-02];
Acel_cv(2,:)=[-4.1513588349669162e-01,-9.4783501610220391e+00,-2.4357585200228256e+00];
CAcel_cv(2,:)=[-4.2700854553243828e-01,-9.5165075022254015e+00,-2.4338054683969355e+00];
DGiro_cv(2,:)=[-8.2940124325472750e-02,-3.6131696741536919e-03,-5.7478716820392317e-01];
GBias_cv(2,:)=[9.3492582028832844e-04,1.8060667930800941e-04,3.8807054954279508e-03];
dWv_cv(2,:)=[-2.5660422238194154e-04,-1.9517821497411580e-04,4.8220395419092085e-05];
dWgv_cv(2,:)=[-1.0082930124214558e-05,-8.7299928723057279e-06,1.4019028105798554e-06];
g_cv(2,:)=[0.0000000000000000e+00,0.0000000000000000e+00,0.0000000000000000e+00];
VBias_cv(2,:)=[0.0000000000000000e+00,0.0000000000000000e+00,0.0000000000000000e+00];
Av_cv(2,:)=[2.2727715746431110e-02,-2.7716160199759438e-02,-3.8716832645328506e-02];
As_cv(2,:)=[-2.4464578039888987e-01,-4.7623294116475945e+00,-1.1762539604248952e+00];
Posgv_cv(2,:)=[0.0000000000000000e+00,0.0000000000000000e+00,0.0000000000000000e+00];
Kp_cv(3,:)=1.0012481400759528e+00;
RKp_cv(3,:)=8.1744307275142755e-04;
Rot_cv(3,:,:)=[9.9999896313087600e-01,8.7180454443872902e-04,1.1461649139308725e-03;-8.7110422271731403e-04,9.9999943370170552e-01,-6.1137034692166617e-04;-1.1466972603064003e-03,6.1037128391417826e-04,9.9999915626578861e-01];
Vel_cv(3,:)=[-2.2662519589387070e-03,-2.5712904445925798e-04,4.1227272382640557e-03];
RotGiro_cv(3,:)=[1.2217491199875570e-02,2.2928762292488029e-02,-1.7429194510092054e-02];
t_cv(3,:)=1.4036371306383193e+09;
dt_cv(3,:)=4.9999713897705078e-02;
i_cv(3,:)=2;
Pose_cv(3,:,:)=[1.0000000000000000e+00,0.0000000000000000e+00,0.0000000000000000e+00;0.0000000000000000e+00,1.0000000000000000e+00,0.0000000000000000e+00;0.0000000000000000e+00,0.0000000000000000e+00,1.0000000000000000e+00];
Pos_cv(3,:)=[0.0000000000000000e+00,0.0000000000000000e+00,0.0000000000000000e+00];
K_cv(3,:)=1.0000000000000000e+00;
KLN_cv(3,:)=16000;
Giro_cv(3,:)=[5.2115435087285071e-03,-1.5948205213135124e-02,7.5478434188383819e-02];
Acel_cv(3,:)=[-5.5225662711162327e-01,-9.5167183802321311e+00,-2.3271525104566932e+00];
CAcel_cv(3,:)=[-5.5022590308833086e-01,-9.5343888624083544e+00,-2.2652821018898219e+00];
DGiro_cv(3,:)=[-2.4618579326000681e-01,-8.7044247233241212e-01,-2.4052213542644560e-01];
GBias_cv(3,:)=[9.3460356232513535e-04,1.7857101719720995e-04,3.8801700275551037e-03];
dWv_cv(3,:)=[-1.3214092257546518e-05,-1.1768559273344720e-04,-2.2211109635687107e-05];
dWgv_cv(3,:)=[-9.4641751977731798e-07,-5.9783977622090007e-06,-1.5725792192033551e-06];
g_cv(3,:)=[0.0000000000000000e+00,0.0000000000000000e+00,0.0000000000000000e+00];
VBias_cv(3,:)=[0.0000000000000000e+00,0.0000000000000000e+00,0.0000000000000000e+00];
Av_cv(3,:)=[-3.8231783789522290e-03,5.1872971940709047e-03,2.0433591472935293e-02];
As_cv(3,:)=[-3.1065468437022487e-01,-7.0755809114001060e+00,-1.8638634741807700e+00];
Posgv_cv(3,:)=[0.0000000000000000e+00,0.0000000000000000e+00,0.0000000000000000e+00];
Kp_cv(4,:)=1.0033758012079050e+00;
RKp_cv(4,:)=8.9821540842441295e-04;
Rot_cv(4,:,:)=[9.9999931970642275e-01,-1.1578020268016177e-03,-1.4170800583418857e-04;1.1577706583401290e-03,9.9999930530928538e-01,-2.2124205988774439e-04;1.4196406189631114e-04,2.2107784400698596e-04,9.9999996548539571e-01];
Vel_cv(4,:)=[-1.9444915606720468e-03,1.7684179457268219e-03,2.6769285758793831e-04];
RotGiro_cv(4,:)=[4.4231832049250741e-03,-2.8367105225056890e-03,2.3155643959309219e-02];
t_cv(4,:)=1.4036371306883190e+09;
dt_cv(4,:)=5.0000190734863281e-02;
i_cv(4,:)=3;
Pose_cv(4,:,:)=[1.0000000000000000e+00,0.0000000000000000e+00,0.0000000000000000e+00;0.0000000000000000e+00,1.0000000000000000e+00,0.0000000000000000e+00;0.0000000000000000e+00,0.0000000000000000e+00,1.0000000000000000e+00];
Pos_cv(4,:)=[0.0000000000000000e+00,0.0000000000000000e+00,0.0000000000000000e+00];
K_cv(4,:)=1.0000000000000000e+00;
KLN_cv(4,:)=16000;
Giro_cv(4,:)=[3.0954244979579337e-02,2.6403498415521188e-02,6.0130059947403482e-02];
Acel_cv(4,:)=[-2.9469836128711380e-01,-9.2962524688767409e+00,-2.7104693683866725e+00];
CAcel_cv(4,:)=[-2.8602580036516739e-01,-9.2492918468334846e+00,-2.7609665951052098e+00];
DGiro_cv(4,:)=[-5.7949640137702985e-01,9.5819863054503795e-01,7.9156596280418734e-01];
GBias_cv(4,:)=[9.3703911109399552e-04,1.7951624737354603e-04,3.8809865775386123e-03];
dWv_cv(4,:)=[1.7550524731570357e-04,1.0512290341142777e-04,9.2891853552551191e-05];
dWgv_cv(4,:)=[9.3240844942969241e-06,3.6186530704705399e-06,3.1260228238473621e-06];
g_cv(4,:)=[0.0000000000000000e+00,0.0000000000000000e+00,0.0000000000000000e+00];
VBias_cv(4,:)=[0.0000000000000000e+00,0.0000000000000000e+00,0.0000000000000000e+00];
Av_cv(4,:)=[-9.0381670720890601e-03,2.8783495302793456e-02,2.3602877717393108e-02];
As_cv(4,:)=[-4.6497190462022520e-01,-9.4758452628414389e+00,-2.4222794194151498e+00];
Posgv_cv(4,:)=[0.0000000000000000e+00,0.0000000000000000e+00,0.0000000000000000e+00];
Kp_cv(5,:)=1.0108685960043355e+00;
RKp_cv(5,:)=8.9767553405791347e-04;
Rot_cv(5,:,:)=[9.9999940241177354e-01,1.0160063008037802e-03,4.0361775585577168e-04;-1.0161832640049407e-03,9.9999938755337681e-01,4.3847969784482693e-04;-4.0317201052567992e-04,-4.3888958542308304e-04,9.9999982241411534e-01];
Vel_cv(5,:)=[3.0764747594438087e-03,2.7558768199912627e-04,1.0268683672017473e-03];
RotGiro_cv(5,:)=[-8.7737032290280560e-03,8.0679072238343721e-03,-2.0321919728428697e-02];
t_cv(5,:)=1.4036371307383192e+09;
dt_cv(5,:)=4.9999952316284180e-02;
i_cv(5,:)=4;
Pose_cv(5,:,:)=[1.0000000000000000e+00,0.0000000000000000e+00,0.0000000000000000e+00;0.0000000000000000e+00,1.0000000000000000e+00,0.0000000000000000e+00;0.0000000000000000e+00,0.0000000000000000e+00,1.0000000000000000e+00];
Pos_cv(5,:)=[0.0000000000000000e+00,0.0000000000000000e+00,0.0000000000000000e+00];
K_cv(5,:)=1.0000000000000000e+00;
KLN_cv(5,:)=16000;
Giro_cv(5,:)=[2.3307086529469161e-02,7.6396317705404687e-04,1.0081395993793349e-01];
Acel_cv(5,:)=[-5.8657458295412368e-01,-9.6100496428102229e+00,-2.2418493380871873e+00];
CAcel_cv(5,:)=[-5.8344371994736599e-01,-9.6008675379459891e+00,-2.2401017916658232e+00];
DGiro_cv(5,:)=[1.3062391083417983e+00,-4.4148654436619988e-01,-2.0531618119126419e-02];
GBias_cv(5,:)=[9.3800700818781840e-04,1.7844285423748287e-04,3.8814878193382573e-03];
dWv_cv(5,:)=[7.7317645101602513e-05,-1.8442710525990960e-04,1.0042662463495554e-04];
dWgv_cv(5,:)=[4.4968512477023122e-06,-4.9869860070722905e-06,2.3287701001679904e-06];
g_cv(5,:)=[0.0000000000000000e+00,0.0000000000000000e+00,0.0000000000000000e+00];
VBias_cv(5,:)=[0.0000000000000000e+00,0.0000000000000000e+00,0.0000000000000000e+00];
Av_cv(5,:)=[8.7612000255432778e-03,4.9051051269613663e-02,3.7991692676878783e-02];
As_cv(5,:)=[-4.4324833620157866e-01,-9.4598852308818309e+00,-2.4580465874011850e+00];
Posgv_cv(5,:)=[0.0000000000000000e+00,0.0000000000000000e+00,0.0000000000000000e+00];
Kp_cv(6,:)=1.0000087556483632e+00;
RKp_cv(6,:)=9.4474562665289416e-04;
Rot_cv(6,:,:)=[9.9999991741490879e-01,2.2613887328162163e-04,-3.3768533505613470e-04;-2.2615539871339614e-04,9.9999997323126322e-01,-4.8899986013527534e-05;3.3767426782899628e-04,4.8976351336709535e-05,9.9999994178870122e-01];
Vel_cv(6,:)=[-6.0200259983254176e-05,5.0093923760209430e-04,7.1402361910409323e-04];
RotGiro_cv(6,:)=[9.7875966716495506e-04,-6.7535704546356455e-03,-4.5229255926728593e-03];
t_cv(6,:)=1.4036371307883191e+09;
dt_cv(6,:)=5.0000190734863281e-02;
i_cv(6,:)=5;
Pose_cv(6,:,:)=[1.0000000000000000e+00,0.0000000000000000e+00,0.0000000000000000e+00;0.0000000000000000e+00,1.0000000000000000e+00,0.0000000000000000e+00;0.0000000000000000e+00,0.0000000000000000e+00,1.0000000000000000e+00];
Pos_cv(6,:)=[0.0000000000000000e+00,0.0000000000000000e+00,0.0000000000000000e+00];
K_cv(6,:)=1.0000000000000000e+00;
KLN_cv(6,:)=16000;
Giro_cv(6,:)=[1.0085464790983250e-02,1.1558827129963038e-02,5.7343158142267515e-02];
Acel_cv(6,:)=[-3.6601695870523765e-01,-9.4477264045416334e+00,-2.5196269569506589e+00];
CAcel_cv(6,:)=[-3.7351249837600942e-01,-9.4547425108028786e+00,-2.5622861330761815e+00];
DGiro_cv(6,:)=[4.1533231112917018e-01,5.2219604164028111e-01,-1.5886201627595811e-01];
GBias_cv(6,:)=[9.3878173238614985e-04,1.7801408501287030e-04,3.8819184709969752e-03];
dWv_cv(6,:)=[7.0233904909274009e-05,-7.8351422641946799e-05,8.4148085711421123e-05];
dWgv_cv(6,:)=[4.1681511464058014e-06,-2.3068531213581056e-06,2.3169809447713505e-06];
g_cv(6,:)=[0.0000000000000000e+00,0.0000000000000000e+00,0.0000000000000000e+00];
VBias_cv(6,:)=[0.0000000000000000e+00,0.0000000000000000e+00,0.0000000000000000e+00];
Av_cv(6,:)=[-1.8295129226910936e-03,3.0461007065363224e-03,6.1759511516502764e-03];
As_cv(6,:)=[-4.1821833981032064e-01,-9.4581127667844438e+00,-2.4873317275989835e+00];
Posgv_cv(6,:)=[0.0000000000000000e+00,0.0000000000000000e+00,0.0000000000000000e+00];
Kp_cv(7,:)=1.0112141333659308e+00;
RKp_cv(7,:)=9.9583951820970571e-04;
Rot_cv(7,:,:)=[9.9999987123574385e-01,-4.6645952090403471e-04,-1.9985997697366615e-04;4.6651876239239365e-04,9.9999984723259860e-01,2.9647094994681518e-04;1.9972165474430132e-04,-2.9656415020106326e-04,9.9999993608048032e-01];
Vel_cv(7,:)=[8.9320148732968706e-04,-1.4000952264620864e-03,-3.2411615880448032e-03];
RotGiro_cv(7,:)=[-5.9303852768566806e-03,-3.9958394116161294e-03,9.3298367558825746e-03];
t_cv(7,:)=1.4036371308383193e+09;
dt_cv(7,:)=4.9999713897705078e-02;
i_cv(7,:)=6;
Pose_cv(7,:,:)=[1.0000000000000000e+00,0.0000000000000000e+00,0.0000000000000000e+00;0.0000000000000000e+00,1.0000000000000000e+00,0.0000000000000000e+00;0.0000000000000000e+00,0.0000000000000000e+00,1.0000000000000000e+00];
Pos_cv(7,:)=[0.0000000000000000e+00,0.0000000000000000e+00,0.0000000000000000e+00];
K_cv(7,:)=1.0000000000000000e+00;
KLN_cv(7,:)=16000;
Giro_cv(7,:)=[1.9818209320382203e-02,-3.2426248149631290e-03,7.3153498968169389e-02];
Acel_cv(7,:)=[-4.4392442778443908e-01,-9.5348774280746849e+00,-2.3643485406742184e+00];
CAcel_cv(7,:)=[-4.4380750487666093e-01,-9.5279384540308367e+00,-2.3812401278027395e+00];
DGiro_cv(7,:)=[6.3734550801716236e-02,2.3874854803799758e-01,9.8517800262704194e-02];
GBias_cv(7,:)=[9.3776571179639355e-04,1.7783770804440577e-04,3.8821461027397290e-03];
dWv_cv(7,:)=[-1.5684624314010561e-04,-7.2595772756694943e-05,8.1942609452241802e-05];
dWgv_cv(7,:)=[-6.1234441893568785e-06,-1.0630045626729150e-06,1.3719114420840864e-06];
g_cv(7,:)=[0.0000000000000000e+00,0.0000000000000000e+00,0.0000000000000000e+00];
VBias_cv(7,:)=[0.0000000000000000e+00,0.0000000000000000e+00,0.0000000000000000e+00];
Av_cv(7,:)=[1.6405650515933380e-02,-7.0995719175958281e-03,-2.8567520843522733e-02];
As_cv(7,:)=[-5.0258332931001615e-01,-9.4845419249336711e+00,-2.4033002622157911e+00];
Posgv_cv(7,:)=[0.0000000000000000e+00,0.0000000000000000e+00,0.0000000000000000e+00];
Kp_cv(8,:)=9.9968002196454375e-01;
RKp_cv(8,:)=1.0474546377515351e-03;
Rot_cv(8,:,:)=[9.9999976280631930e-01,-5.8166056378719923e-04,-3.6886080609416211e-04;5.8154867600301733e-04,9.9999978488444496e-01,-3.0336809379315487e-04;3.6903718400292895e-04,3.0315351132274501e-04,9.9999988595474631e-01];
Vel_cv(8,:)=[1.6979798570306058e-04,3.7275836713569996e-05,-2.5486815818315364e-04];
RotGiro_cv(8,:)=[6.0651934867924622e-03,-7.3789524490210610e-03,1.1632049123137580e-02];
t_cv(8,:)=1.4036371308883190e+09;
dt_cv(8,:)=5.0000190734863281e-02;
i_cv(8,:)=7;
Pose_cv(8,:,:)=[1.0000000000000000e+00,0.0000000000000000e+00,0.0000000000000000e+00;0.0000000000000000e+00,1.0000000000000000e+00,0.0000000000000000e+00;0.0000000000000000e+00,0.0000000000000000e+00,1.0000000000000000e+00];
Pos_cv(8,:)=[0.0000000000000000e+00,0.0000000000000000e+00,0.0000000000000000e+00];
K_cv(8,:)=1.0000000000000000e+00;
KLN_cv(8,:)=16000;
Giro_cv(8,:)=[1.2714883678746269e-02,-4.2822837313138425e-04,8.6996987253300809e-02];
Acel_cv(8,:)=[-6.2373729800616218e-01,-9.3948664299959344e+00,-2.4479906012740491e+00];
CAcel_cv(8,:)=[-6.0814573240371528e-01,-9.3573494407052848e+00,-2.4181832915751795e+00];
DGiro_cv(8,:)=[-4.5859453421488028e-01,-3.1141625899883191e-01,6.3184525571733852e-01];
GBias_cv(8,:)=[9.3812687807881534e-04,1.7752497630186203e-04,3.8816307242482430e-03];
dWv_cv(8,:)=[6.0363229483285440e-05,-8.8445434466669887e-05,-1.3715509173063811e-04];
dWgv_cv(8,:)=[2.3790169992323195e-06,-2.0599767141113757e-06,-3.3948190956865266e-06];
g_cv(8,:)=[0.0000000000000000e+00,0.0000000000000000e+00,0.0000000000000000e+00];
VBias_cv(8,:)=[0.0000000000000000e+00,0.0000000000000000e+00,0.0000000000000000e+00];
Av_cv(8,:)=[4.0851011156772202e-03,-1.0272062342091949e-02,-1.0627107636510653e-02];
As_cv(8,:)=[-4.3667292279335157e-01,-9.4718974671707983e+00,-2.4591719620468520e+00];
Posgv_cv(8,:)=[0.0000000000000000e+00,0.0000000000000000e+00,0.0000000000000000e+00];
Kp_cv(9,:)=1.0061665457360620e+00;
RKp_cv(9,:)=1.1128436260450906e-03;
Rot_cv(9,:,:)=[9.9999961661652592e-01,8.4638243707811937e-04,2.2450739720745422e-04;-8.4638688253037622e-04,9.9999964162038246e-01,1.9706645676687380e-05;-2.2449063738976612e-04,-1.9896658237509218e-05,9.9999997460403811e-01];
Vel_cv(9,:)=[2.2426946092312643e-03,8.4601469033044555e-04,-1.0299689101882761e-03];
RotGiro_cv(9,:)=[-3.9603346746567496e-04,4.4899852020442235e-03,-1.6927711503981178e-02];
t_cv(9,:)=1.4036371309383192e+09;
dt_cv(9,:)=4.9999952316284180e-02;
i_cv(9,:)=8;
Pose_cv(9,:,:)=[1.0000000000000000e+00,0.0000000000000000e+00,0.0000000000000000e+00;0.0000000000000000e+00,1.0000000000000000e+00,0.0000000000000000e+00;0.0000000000000000e+00,0.0000000000000000e+00,1.0000000000000000e+00];
Pos_cv(9,:)=[0.0000000000000000e+00,0.0000000000000000e+00,0.0000000000000000e+00];
K_cv(9,:)=1.0000000000000000e+00;
KLN_cv(9,:)=16000;
Giro_cv(9,:)=[2.4862379445472781e-02,-3.8691866118707027e-03,8.9208712971829432e-02];
Acel_cv(9,:)=[-2.6293108796570763e-01,-9.4630686541252338e+00,-2.4498765755795482e+00];
CAcel_cv(9,:)=[-2.9345767070666451e-01,-9.5478062218425421e+00,-2.4792292100324409e+00];
DGiro_cv(9,:)=[-2.6879130418392944e-01,5.3536910670019966e-01,-1.2660054757667698e+00];
GBias_cv(9,:)=[9.3851420050972232e-04,1.7728805748619763e-04,3.8817146806461307e-03];
dWv_cv(9,:)=[5.8305343435022268e-05,-6.9948790295756125e-05,1.8382314435421806e-05];
dWgv_cv(9,:)=[2.7364992049088681e-06,-1.6738719448172988e-06,5.9316630727771485e-07];
g_cv(9,:)=[0.0000000000000000e+00,0.0000000000000000e+00,0.0000000000000000e+00];
VBias_cv(9,:)=[0.0000000000000000e+00,0.0000000000000000e+00,0.0000000000000000e+00];
Av_cv(9,:)=[-2.8785480924380276e-03,1.3542359550400124e-03,-1.0156658551402766e-02];
As_cv(9,:)=[-4.3773199040027672e-01,-9.4776130936808780e+00,-2.4385160339502896e+00];
Posgv_cv(9,:)=[0.0000000000000000e+00,0.0000000000000000e+00,0.0000000000000000e+00];
Kp_cv(10,:)=1.0297827720915689e+00;
RKp_cv(10,:)=1.0927620846014137e-03;
Rot_cv(10,:,:)=[9.9999982331489889e-01,4.5091616577394995e-04,3.8735614451761922e-04;-4.5105434663020766e-04,9.9999983465220443e-01,3.5671492920225160e-04;-3.8719523194099978e-04,-3.5688958484871914e-04,9.9999986135482866e-01];
Vel_cv(10,:)=[5.9905703303182569e-03,5.6672771495512423e-04,-4.3978788961216032e-03];
RotGiro_cv(10,:)=[-7.1360525176698102e-03,7.7455217718077089e-03,-9.0197144485073839e-03];
t_cv(10,:)=1.4036371309883192e+09;
dt_cv(10,:)=4.9999952316284180e-02;
i_cv(10,:)=9;
Pose_cv(10,:,:)=[1.0000000000000000e+00,0.0000000000000000e+00,0.0000000000000000e+00;0.0000000000000000e+00,1.0000000000000000e+00,0.0000000000000000e+00;0.0000000000000000e+00,0.0000000000000000e+00,1.0000000000000000e+00];
Pos_cv(10,:)=[0.0000000000000000e+00,0.0000000000000000e+00,0.0000000000000000e+00];
K_cv(10,:)=1.0000000000000000e+00;
KLN_cv(10,:)=15303;
Giro_cv(10,:)=[1.8433367203607547e-02,7.9963591344088432e-03,6.0714438362712911e-02];
Acel_cv(10,:)=[-4.1214333941914782e-01,-9.4808385082953315e+00,-2.4552919693523556e+00];
CAcel_cv(10,:)=[-4.1354154112305935e-01,-9.4764371867509478e+00,-2.4779287468627049e+00];
DGiro_cv(10,:)=[-6.9884485433457030e-03,3.4928651883401707e-01,6.8344248224397469e-02];
GBias_cv(10,:)=[9.3836773124576149e-04,1.7708296007182695e-04,3.8818282646734883e-03];
dWv_cv(10,:)=[-4.5957315099023731e-05,-1.2387316278058584e-04,4.2374388781014067e-05];
dWgv_cv(10,:)=[-1.0938651540846102e-06,-1.5317132667026561e-06,8.4827086739847774e-07];
g_cv(10,:)=[0.0000000000000000e+00,0.0000000000000000e+00,0.0000000000000000e+00];
VBias_cv(10,:)=[0.0000000000000000e+00,0.0000000000000000e+00,0.0000000000000000e+00];
Av_cv(10,:)=[2.6899154811170823e-02,4.7575075044957536e-03,-1.6023828089095030e-02];
As_cv(10,:)=[-4.5757487815789899e-01,-9.4626484641597521e+00,-2.4144948296377136e+00];
Posgv_cv(10,:)=[0.0000000000000000e+00,0.0000000000000000e+00,0.0000000000000000e+00];
Kp_cv(11,:)=1.0007030327091808e+00;
RKp_cv(11,:)=9.8123161382120887e-04;
Rot_cv(11,:,:)=[9.9999914175352334e-01,1.3094303048583147e-03,-4.3410745409900125e-05;-1.3094389798596984e-03,9.9999912260173618e-01,-2.0041286524562533e-04;4.3148280642170311e-05,2.0046953696417841e-04,9.9999997897509485e-01];
Vel_cv(11,:)=[2.4138774652492246e-03,9.7600916750885131e-04,3.9292706210807937e-04];
RotGiro_cv(11,:)=[4.0088290189122617e-03,-8.6559133943885569e-04,-2.6188725490178016e-02];
t_cv(11,:)=1.4036371310383191e+09;
dt_cv(11,:)=4.9999952316284180e-02;
i_cv(11,:)=10;
Pose_cv(11,:,:)=[1.0000000000000000e+00,0.0000000000000000e+00,0.0000000000000000e+00;0.0000000000000000e+00,1.0000000000000000e+00,0.0000000000000000e+00;0.0000000000000000e+00,0.0000000000000000e+00,1.0000000000000000e+00];
Pos_cv(11,:)=[0.0000000000000000e+00,0.0000000000000000e+00,0.0000000000000000e+00];
K_cv(11,:)=1.0000000000000000e+00;
KLN_cv(11,:)=14375;
Giro_cv(11,:)=[1.1615289993960528e-02,1.1279189724872837e-02,6.8627387711139770e-02];
Acel_cv(11,:)=[-5.4686565254557729e-01,-9.4578796762068542e+00,-2.3484895511237296e+00];
CAcel_cv(11,:)=[-5.4157811282180524e-01,-9.4700071906993895e+00,-2.2744963629834758e+00];
DGiro_cv(11,:)=[-4.2863064305043364e-01,-9.9838840792303118e-01,-1.3300641020705500e-01];
GBias_cv(11,:)=[9.3854237454932417e-04,1.7698692991529688e-04,3.8820742285249512e-03];
dWv_cv(11,:)=[3.0161235030376825e-05,-4.2963541382351264e-05,8.2838884217826842e-05];
dWgv_cv(11,:)=[1.3629902388407415e-06,-7.4945997535992680e-07,1.9196059729335441e-06];
g_cv(11,:)=[0.0000000000000000e+00,0.0000000000000000e+00,0.0000000000000000e+00];
VBias_cv(11,:)=[0.0000000000000000e+00,0.0000000000000000e+00,0.0000000000000000e+00];
Av_cv(11,:)=[1.7708353108450346e-02,1.0570673510175824e-02,6.2479622884505396e-03];
As_cv(11,:)=[-3.9278809001700221e-01,-9.4720227209542607e+00,-2.4535283429416230e+00];
Posgv_cv(11,:)=[0.0000000000000000e+00,0.0000000000000000e+00,0.0000000000000000e+00];
Kp_cv(12,:)=1.0557899459548001e+00;
RKp_cv(12,:)=8.9420000109114307e-04;
Rot_cv(12,:,:)=[9.9999591850168157e-01,-2.7702330917588488e-03,-6.9913417505626486e-04;2.7701961831826326e-03,9.9999616155440330e-01,-5.3754686311663141e-05;6.9928040447864669e-04,5.1817728088731601e-05,9.9999975416088915e-01];
Vel_cv(12,:)=[-6.4352439345054628e-03,-3.9840956592129828e-03,2.5729242527783411e-03];
RotGiro_cv(12,:)=[1.0557215535505168e-03,-1.3984111482144903e-02,5.5404156802691361e-02];
t_cv(12,:)=1.4036371310883191e+09;
dt_cv(12,:)=5.0000190734863281e-02;
i_cv(12,:)=11;
Pose_cv(12,:,:)=[1.0000000000000000e+00,0.0000000000000000e+00,0.0000000000000000e+00;0.0000000000000000e+00,1.0000000000000000e+00,0.0000000000000000e+00;0.0000000000000000e+00,0.0000000000000000e+00,1.0000000000000000e+00];
Pos_cv(12,:)=[0.0000000000000000e+00,0.0000000000000000e+00,0.0000000000000000e+00];
K_cv(12,:)=1.0000000000000000e+00;
KLN_cv(12,:)=13845;
Giro_cv(12,:)=[2.2801768667120366e-02,2.6468508037726999e-03,5.1489030489761944e-02];
Acel_cv(12,:)=[-3.7100610958179653e-01,-9.3768512500660250e+00,-2.5576268205885206e+00];
CAcel_cv(12,:)=[-3.7871205157941246e-01,-9.3920660924840949e+00,-2.5809128320841577e+00];
DGiro_cv(12,:)=[-5.2031741816561938e-01,5.2220768403780637e-01,-1.6901871658632711e-01];
GBias_cv(12,:)=[9.3829815407880652e-04,1.7636388167469681e-04,3.8823061802017731e-03];
dWv_cv(12,:)=[-1.5169060377858939e-04,-4.0796165178311265e-04,1.5761605164305161e-04];
dWgv_cv(12,:)=[-1.9738879624163074e-06,-5.0357262006666735e-06,1.8747266425698561e-06];
g_cv(12,:)=[0.0000000000000000e+00,0.0000000000000000e+00,0.0000000000000000e+00];
VBias_cv(12,:)=[0.0000000000000000e+00,0.0000000000000000e+00,0.0000000000000000e+00];
Av_cv(12,:)=[-2.6072774849961781e-02,-1.5834557290040470e-02,1.4154986011699263e-02];
As_cv(12,:)=[-5.0698106284166256e-01,-9.4293809273283049e+00,-2.4034837893402274e+00];
Posgv_cv(12,:)=[0.0000000000000000e+00,0.0000000000000000e+00,0.0000000000000000e+00];
Kp_cv(13,:)=1.0046077402548435e+00;
RKp_cv(13,:)=5.2849561878789606e-04;
Rot_cv(13,:,:)=[9.9999992723180464e-01,2.7709140352463290e-04,-2.6221506338978040e-04;-2.7699798349995353e-04,9.9999989818194013e-01,3.5624180855838814e-04;2.6231374823429827e-04,-3.5616914959150860e-04,9.9999990216751244e-01];
Vel_cv(13,:)=[-6.8968488975593904e-04,1.8384134411774367e-03,-2.3487800121716270e-03];
RotGiro_cv(13,:)=[-7.1241506696729726e-03,-5.2453183683455291e-03,-5.5409258272516781e-03];
t_cv(13,:)=1.4036371311383193e+09;
dt_cv(13,:)=4.9999713897705078e-02;
i_cv(13,:)=12;
Pose_cv(13,:,:)=[1.0000000000000000e+00,0.0000000000000000e+00,0.0000000000000000e+00;0.0000000000000000e+00,1.0000000000000000e+00,0.0000000000000000e+00;0.0000000000000000e+00,0.0000000000000000e+00,1.0000000000000000e+00];
Pos_cv(13,:)=[0.0000000000000000e+00,0.0000000000000000e+00,0.0000000000000000e+00];
K_cv(13,:)=1.0000000000000000e+00;
KLN_cv(13,:)=13397;
Giro_cv(13,:)=[1.9712274794238878e-02,-1.0536701595555359e-02,1.3309820402941797e-01];
Acel_cv(13,:)=[-6.7543032096251454e-01,-9.4566235725505781e+00,-2.3730640303128725e+00];
CAcel_cv(13,:)=[-6.4030048420880858e-01,-9.3808732353966526e+00,-2.2833321675848142e+00];
DGiro_cv(13,:)=[2.5817629132869901e-01,-1.4577356517593913e+00,1.1295238174335096e+00];
GBias_cv(13,:)=[9.3837216383667928e-04,1.7649296933226600e-04,3.8818459774286377e-03];
dWv_cv(13,:)=[3.8091589463856787e-05,1.0007796856071060e-04,-1.8059632416867399e-04];
dWgv_cv(13,:)=[6.1506354597980531e-07,1.0727924896508674e-06,-3.8245490547500246e-06];
g_cv(13,:)=[0.0000000000000000e+00,0.0000000000000000e+00,0.0000000000000000e+00];
VBias_cv(13,:)=[0.0000000000000000e+00,0.0000000000000000e+00,0.0000000000000000e+00];
Av_cv(13,:)=[-3.6570073432339645e-02,-5.1195445767530257e-03,8.6828421392823787e-03];
As_cv(13,:)=[-4.3653769532939046e-01,-9.4814206950226811e+00,-2.4100293642749913e+00];
Posgv_cv(13,:)=[0.0000000000000000e+00,0.0000000000000000e+00,0.0000000000000000e+00];
Kp_cv(14,:)=1.0021299833778567e+00;
RKp_cv(14,:)=5.0323082207257876e-04;
Rot_cv(14,:,:)=[9.9999999864209499e-01,-5.0250601583484154e-05,1.3808968789364896e-05;5.0250987035060864e-05,9.9999999834781772e-01,-2.7914203244479946e-05;-1.3807566061045870e-05,2.7914897120886067e-05,9.9999999951505525e-01];
Vel_cv(14,:)=[4.6763048302320853e-04,-9.6863597823268130e-04,9.7799487754393296e-04];
RotGiro_cv(14,:)=[5.5828887427583195e-04,2.7616429518177705e-04,1.0050120529541229e-03];
t_cv(14,:)=1.4036371311883190e+09;
dt_cv(14,:)=5.0000190734863281e-02;
i_cv(14,:)=13;
Pose_cv(14,:,:)=[1.0000000000000000e+00,0.0000000000000000e+00,0.0000000000000000e+00;0.0000000000000000e+00,1.0000000000000000e+00,0.0000000000000000e+00;0.0000000000000000e+00,0.0000000000000000e+00,1.0000000000000000e+00];
Pos_cv(14,:)=[0.0000000000000000e+00,0.0000000000000000e+00,0.0000000000000000e+00];
K_cv(14,:)=1.0000000000000000e+00;
KLN_cv(14,:)=13188;
Giro_cv(14,:)=[1.1652169553929580e-02,-1.6929715529779073e-03,7.2029250465599354e-02];
Acel_cv(14,:)=[-9.1399978791339986e-02,-9.5461107577656179e+00,-2.3952745402616289e+00];
CAcel_cv(14,:)=[-1.4816913861267289e-01,-9.6860154569598436e+00,-2.4953079243640843e+00];
DGiro_cv(14,:)=[3.5632806674764061e-01,1.4205916057771710e+00,-2.1890280751658118e+00];
GBias_cv(14,:)=[9.3819572774495453e-04,1.7650677051194686e-04,3.8825927773380358e-03];
dWv_cv(14,:)=[-5.8806431351742152e-05,-7.4177871065330046e-05,2.4364919978367314e-04];
dWgv_cv(14,:)=[-1.4991326486314108e-06,1.1726511762378701e-07,6.3453691091765622e-06];
g_cv(14,:)=[0.0000000000000000e+00,0.0000000000000000e+00,0.0000000000000000e+00];
VBias_cv(14,:)=[0.0000000000000000e+00,0.0000000000000000e+00,0.0000000000000000e+00];
Av_cv(14,:)=[-2.8289689319468795e-02,-4.3760147838920677e-03,1.6047613962884458e-02];
As_cv(14,:)=[-4.4505930602421279e-01,-9.4528573621739849e+00,-2.4425804578689494e+00];
Posgv_cv(14,:)=[0.0000000000000000e+00,0.0000000000000000e+00,0.0000000000000000e+00];
Kp_cv(15,:)=1.0056254640407680e+00;
RKp_cv(15,:)=5.1899329378135681e-04;
Rot_cv(15,:,:)=[9.9999986856107492e-01,-5.0505103097445560e-04,8.8324907113031747e-05;5.0506380140920076e-04,9.9999986199746915e-01,-1.4462226387562861e-04;-8.8251853300497812e-05,1.4466685457997916e-04,9.9999998564155590e-01];
Vel_cv(15,:)=[-2.7086313633326378e-03,-7.1449315407554179e-04,2.1559731964375670e-03];
RotGiro_cv(15,:)=[2.8928940802685765e-03,1.7657693716249870e-03,1.0101158434836112e-02];
t_cv(15,:)=1.4036371312383192e+09;
dt_cv(15,:)=4.9999952316284180e-02;
i_cv(15,:)=14;
Pose_cv(15,:,:)=[1.0000000000000000e+00,0.0000000000000000e+00,0.0000000000000000e+00;0.0000000000000000e+00,1.0000000000000000e+00,0.0000000000000000e+00;0.0000000000000000e+00,0.0000000000000000e+00,1.0000000000000000e+00];
Pos_cv(15,:)=[0.0000000000000000e+00,0.0000000000000000e+00,0.0000000000000000e+00];
K_cv(15,:)=1.0000000000000000e+00;
KLN_cv(15,:)=13033;
Giro_cv(15,:)=[1.9288510394970027e-02,3.8247268932080055e-03,7.8770072299686078e-02];
Acel_cv(15,:)=[-6.2085515085245735e-01,-9.4478905808679592e+00,-2.4338195848490862e+00];
CAcel_cv(15,:)=[-5.8783029752434335e-01,-9.3547244615636664e+00,-2.4059046826568933e+00];
DGiro_cv(15,:)=[-1.7138776174141931e-01,-3.7358163415842832e-01,1.4495915662909935e+00];
GBias_cv(15,:)=[9.3833941739455799e-04,1.7649493434812434e-04,3.8822757597758405e-03];
dWv_cv(15,:)=[4.6805663166103463e-05,4.0070225150633666e-05,-1.1244653533873004e-04];
dWgv_cv(15,:)=[1.2426150770936123e-06,-1.0235807284247028e-07,-2.7415391684412696e-06];
g_cv(15,:)=[0.0000000000000000e+00,0.0000000000000000e+00,0.0000000000000000e+00];
VBias_cv(15,:)=[0.0000000000000000e+00,0.0000000000000000e+00,0.0000000000000000e+00];
Av_cv(15,:)=[-6.6972848027987896e-03,-7.0429308360081880e-04,3.8699172916569604e-03];
As_cv(15,:)=[-4.1994380272401322e-01,-9.4906471977722031e+00,-2.4161663735128984e+00];
Posgv_cv(15,:)=[0.0000000000000000e+00,0.0000000000000000e+00,0.0000000000000000e+00];
Kp_cv(16,:)=9.9871841611445022e-01;
RKp_cv(16,:)=5.2087486172897122e-04;
Rot_cv(16,:,:)=[9.9999983421465610e-01,5.6096855668286204e-04,1.2994205925851801e-04;-5.6097999192766487e-04,9.9999983878021415e-01,8.7982919763119493e-05;-1.2989268265775633e-04,-8.8055800072191166e-05,9.9999998768703369e-01];
Vel_cv(16,:)=[5.2230541972038162e-03,2.0819011326704721e-04,-1.2672170228323430e-03];
RotGiro_cv(16,:)=[-1.7603805825888743e-03,2.5983376542357767e-03,-1.1219443321825054e-02];
t_cv(16,:)=1.4036371312883191e+09;
dt_cv(16,:)=5.0000190734863281e-02;
i_cv(16,:)=15;
Pose_cv(16,:,:)=[9.9999722612650299e-01,2.3517910876578361e-03,1.2968415497359445e-04;-2.3517723916218901e-03,9.9999722419266257e-01,-1.4413045371992704e-04;-1.3002275971188307e-04,1.4382506630498368e-04,9.9999998120421618e-01];
Pos_cv(16,:)=[2.6116924581764744e-04,9.8044746647022525e-06,-6.3393550425151307e-05];
K_cv(16,:)=1.1095487693856005e+00;
KLN_cv(16,:)=12882;
Giro_cv(16,:)=[2.1690956888205420e-02,5.2938339583771584e-03,8.7695776610912241e-02];
Acel_cv(16,:)=[-2.6921897255159716e-01,-9.4868477403681588e+00,-2.4458618572843869e+00];
CAcel_cv(16,:)=[-2.9086280941187437e-01,-9.5411772065997287e+00,-2.4814573002076128e+00];
DGiro_cv(16,:)=[1.4008845229258146e-01,5.0127658609248615e-01,-8.5028134161715829e-01];
GBias_cv(16,:)=[9.3823836141171174e-04,1.7639353130352101e-04,3.8825830769596103e-03];
dWv_cv(16,:)=[-4.6893135396446760e-05,-8.9150990021134814e-05,1.2824536040735731e-04];
dWgv_cv(16,:)=[-8.8627728201285675e-07,-8.8932106964525380e-07,2.6952213087843337e-06];
g_cv(16,:)=[-2.2882030031007708e-02,9.7296688218711473e+00,-1.4023454744817741e-03];
VBias_cv(16,:)=[2.4345449484580527e-17,3.0183087870629748e-20,-1.8782939132626438e-16];
Av_cv(16,:)=[4.0526883240710312e-02,1.1588130296091655e-02,-5.8472192415920466e-03];
As_cv(16,:)=[-3.8665631691210683e-01,-9.4940111086480528e+00,-2.4406499872173080e+00];
Posgv_cv(16,:)=[2.6116924581762489e-04,9.8044746647068654e-06,-6.3393550425181285e-05];
Kp_cv(17,:)=9.9910780932302412e-01;
RKp_cv(17,:)=5.0812937233729572e-04;
Rot_cv(17,:,:)=[9.9999991907760288e-01,-3.4667730302399331e-04,-2.0410692107800324e-04;3.4673655126790757e-04,9.9999989774500253e-01,2.9031663569660895e-04;2.0400625401875176e-04,-2.9038738353339788e-04,9.9999993702830603e-01];
Vel_cv(17,:)=[3.2498817141886631e-03,-2.2756040949391601e-04,-3.4894738770303523e-03];
RotGiro_cv(17,:)=[-5.8071056713975651e-03,-4.0811547784945666e-03,6.9342700497260872e-03];
t_cv(17,:)=1.4036371313383193e+09;
dt_cv(17,:)=4.9999713897705078e-02;
i_cv(17,:)=16;
Pose_cv(17,:,:)=[9.9800007058233009e-01,-6.3201945882143909e-02,-1.1718166985457217e-03;6.3212716776339190e-02,9.9785865859935807e-01,1.6800294522546208e-02;1.0749613371715432e-04,-1.6840768836383996e-02,9.9985817841810976e-01];
Pos_cv(17,:)=[4.2426070879619327e-04,5.7909983413400269e-06,-2.3763370133433276e-04];
K_cv(17,:)=1.1538392358141174e+00;
KLN_cv(17,:)=12837;
Giro_cv(17,:)=[1.6986175351593774e-02,6.1135399284918783e-03,6.6480659470244702e-02];
Acel_cv(17,:)=[-5.5290439049248108e-01,-9.4542356158388294e+00,-2.4336787530174107e+00];
CAcel_cv(17,:)=[-5.2711938757877985e-01,-9.3938036753358176e+00,-2.3802377721097239e+00];
DGiro_cv(17,:)=[-8.2063113344710475e-02,-7.9330638293390476e-01,9.3667894751576264e-01];
GBias_cv(17,:)=[9.3810089473864535e-04,1.7607840437265442e-04,3.8824287129870776e-03];
dWv_cv(17,:)=[-6.9900258449107972e-05,-1.2999348655574585e-04,-1.8320446125253792e-05];
dWgv_cv(17,:)=[-1.2191527023614530e-06,-2.7947708399636055e-06,-1.3690100303040731e-06];
g_cv(17,:)=[6.0330740858096688e-01,9.5236457496317524e+00,1.6034340349042267e-01];
VBias_cv(17,:)=[-1.6028886517668696e-09,2.4342493334942802e-11,4.5851922108915808e-09];
Av_cv(17,:)=[2.2502030177839440e-02,-5.8347431031871280e-03,-6.9447724176446898e-03];
As_cv(17,:)=[-4.9335380143197960e-01,-9.4345222998228842e+00,-2.4099858432881951e+00];
Posgv_cv(17,:)=[4.2426098582328832e-04,5.7913245545099391e-06,-2.3763242103432315e-04];
Kp_cv(18,:)=1.0072393672365827e+00;
RKp_cv(18,:)=5.0543941440661254e-04;
Rot_cv(18,:,:)=[9.9999975244520800e-01,-9.9325920031548018e-05,-6.9659449070984183e-04;9.9094051459619603e-05,9.9999993968337153e-01,-3.3288680175031724e-04;6.9662751298146049e-04,3.3281769097228515e-04,9.9999970197120180e-01];
Vel_cv(18,:)=[-1.1892907387440279e-03,-3.1145626523686504e-03,6.0297976827713351e-03];
RotGiro_cv(18,:)=[6.6569574089519103e-03,-1.3932166849198305e-02,1.9843487598215498e-03];
t_cv(18,:)=1.4036371313883190e+09;
dt_cv(18,:)=5.0000190734863281e-02;
i_cv(18,:)=17;
Pose_cv(18,:,:)=[9.9711873912865878e-01,-7.5827665420293219e-02,-2.0940953611841237e-03;7.5854276737813170e-02,9.9692343558960639e-01,1.9743157619778740e-02;5.9057519159127342e-04,-1.9845118521294780e-02,9.9980289182009185e-01];
Pos_cv(18,:)=[3.7614430786464716e-04,-1.4801782027027295e-04,6.6850295710893704e-05];
K_cv(18,:)=1.1947257604235175e+00;
KLN_cv(18,:)=12771;
Giro_cv(18,:)=[1.2919502650216541e-02,-5.7492637030555837e-04,8.4558523960222121e-02];
Acel_cv(18,:)=[-5.6670077620815262e-01,-9.4437258341344741e+00,-2.4120015068068774e+00];
CAcel_cv(18,:)=[-5.6303370861327062e-01,-9.4508703013367548e+00,-2.3639404247170912e+00];
DGiro_cv(18,:)=[-7.4638373655801793e-01,-4.9991901537874117e-01,-1.7365722101966938e-02];
GBias_cv(18,:)=[9.3827319423924653e-04,1.7542953454025467e-04,3.8818707874519157e-03];
dWv_cv(18,:)=[-1.1740454249569145e-05,-2.6111605257583251e-04,-1.6345696626360914e-04];
dWgv_cv(18,:)=[1.5417286786196148e-06,-5.8060599468450428e-06,-4.9922942033626494e-06];
g_cv(18,:)=[7.2249980761729071e-01,9.4955356691655464e+00,1.8805040658883784e-01];
VBias_cv(18,:)=[-3.1428788771547656e-09,7.4077392661132814e-11,7.8362178133798215e-09];
Av_cv(18,:)=[5.1892132124690309e-03,-5.5200305515687668e-03,5.9086820139364398e-03];
As_cv(18,:)=[-4.5006923996416837e-01,-9.4685287179856452e+00,-2.4029050931385147e+00];
Posgv_cv(18,:)=[3.7614475035032384e-04,-1.4801656429931032e-04,6.6854523471622285e-05];
Kp_cv(19,:)=9.9945311915064516e-01;
RKp_cv(19,:)=4.8076045490925398e-04;
Rot_cv(19,:,:)=[9.9999987745390018e-01,4.9498845505272675e-04,-8.8664661814019067e-06;-4.9498750719028999e-04,9.9999987181303951e-01,1.0658927043767562e-04;8.9192255031135600e-06,-1.0658486858558743e-04,9.9999999428005670e-01];
Vel_cv(19,:)=[9.7232852198106943e-04,1.5469724642172345e-03,-1.1248008479128036e-03];
RotGiro_cv(19,:)=[-2.1318539239785351e-03,-1.7785337110590629e-04,-9.8995399473121234e-03];
t_cv(19,:)=1.4036371314383192e+09;
dt_cv(19,:)=4.9999952316284180e-02;
i_cv(19,:)=18;
Pose_cv(19,:,:)=[9.9657235518882792e-01,-8.2694481321062149e-02,-2.2723627426248652e-03;8.2724427846781606e-02,9.9633316572085262e-01,2.1837855253825988e-02;4.5816025164609837e-04,-2.1950982750322062e-02,9.9975894316854175e-01];
Pos_cv(19,:)=[4.1832524917094640e-04,-6.8161104464455614e-05,8.9431317234938464e-06];
K_cv(19,:)=1.2414915864753227e+00;
KLN_cv(19,:)=12580;
Giro_cv(19,:)=[2.5420434164278617e-02,-1.0533963506391948e-02,7.9540819980805380e-02];
Acel_cv(19,:)=[-3.9589377530329861e-01,-9.4354741391552110e+00,-2.4141685493805065e+00];
CAcel_cv(19,:)=[-4.0952822114183696e-01,-9.4877483272576733e+00,-2.3901907970789384e+00];
DGiro_cv(19,:)=[-5.0872559903154091e-01,-2.0612211313101245e-01,-7.3864545424481154e-01];
GBias_cv(19,:)=[9.3833373466525882e-04,1.7542947322164978e-04,3.8822575422788707e-03];
dWv_cv(19,:)=[1.8847559904515195e-05,-3.6937570756834077e-05,1.5390650060800683e-04];
dWgv_cv(19,:)=[5.4556259778585247e-07,-5.5257518956797395e-10,3.4852574056401116e-06];
g_cv(19,:)=[7.8550647063176549e-01,9.4606414205524025e+00,2.0736047444621367e-01];
VBias_cv(19,:)=[-5.5315571189175832e-09,1.8474666744211183e-10,1.1499835197207320e-08];
Av_cv(19,:)=[2.5579767086076426e-03,2.2583354565380142e-03,1.3031533220536279e-04];
As_cv(19,:)=[-4.5418832519616192e-01,-9.4399369124900971e+00,-2.4160834999575522e+00];
Posgv_cv(19,:)=[4.1832598988118103e-04,-6.8158037702886935e-05,8.9524891622916238e-06];
Kp_cv(20,:)=9.9761135325082118e-01;
RKp_cv(20,:)=4.8499654369980969e-04;
Rot_cv(20,:,:)=[9.9999969536875022e-01,7.5282318552387161e-05,7.7691375282415637e-04;-7.5319855872850946e-05,9.9999999599765232e-01,4.8286797410116424e-05;-7.7691011457262527e-04,-4.8345299732339804e-05,9.9999969703665725e-01];
Vel_cv(20,:)=[3.3397771289959397e-03,2.0827017182930606e-03,-4.4727640104315703e-03];
RotGiro_cv(20,:)=[-9.6648309165239213e-04,1.5538261722119433e-02,-1.5057395378884608e-03];
t_cv(20,:)=1.4036371314883192e+09;
dt_cv(20,:)=4.9999952316284180e-02;
i_cv(20,:)=19;
Pose_cv(20,:,:)=[9.9636862844178575e-01,-8.5130048397921848e-02,-1.5592039001965752e-03;8.5143498302000437e-02,9.9611111746549796e-01,2.2654499741423636e-02;-3.7543832003676062e-04,-2.2704988910025922e-02,9.9974213801593026e-01];
Pos_cv(20,:)=[5.7619165083937945e-04,4.4717635867802069e-05,-2.1707243670952776e-04];
K_cv(20,:)=1.2837019462636363e+00;
KLN_cv(20,:)=12662;
Giro_cv(20,:)=[1.6644587970142653e-02,3.3211034861805057e-03,6.7809245149688391e-02];
Acel_cv(20,:)=[-3.2878256957564789e-01,-9.4609750441208753e+00,-2.4973622016662986e+00];
CAcel_cv(20,:)=[-3.2211656109277254e-01,-9.4267470469470833e+00,-2.5313752565925860e+00];
DGiro_cv(20,:)=[3.4461256473214508e-01,4.1208487181456260e-01,4.8222749009718158e-01];
GBias_cv(20,:)=[9.3819811843981634e-04,1.7566909410806364e-04,3.8823952321853125e-03];
dWv_cv(20,:)=[-1.8556731179345663e-05,1.0038024674180250e-04,3.1482128644790764e-05];
dWgv_cv(20,:)=[-1.2290188483137393e-06,2.1715586382928775e-06,1.2478115335185702e-06];
g_cv(20,:)=[8.0808171155035879e-01,9.4539124272387109e+00,2.1500980451183382e-01];
VBias_cv(20,:)=[-8.0778130105009085e-09,3.3259333492515308e-10,1.4216848859240226e-08];
Av_cv(20,:)=[-1.2488246900095864e-02,8.6214733057226548e-03,-5.1289328120846618e-03];
As_cv(20,:)=[-4.1439820494460822e-01,-9.4732070864893281e+00,-2.4382251801060173e+00];
Posgv_cv(20,:)=[5.7619196984490348e-04,4.4723575302223678e-05,-2.1705490801809821e-04];
Kp_cv(21,:)=1.0026869510992606e+00;
RKp_cv(21,:)=4.6902265860500808e-04;
Rot_cv(21,:,:)=[9.9999905802810363e-01,-1.3724335256006918e-03,-1.9212596201595727e-05;1.3724311141600383e-03,9.9999905040733883e-01,-1.2496902378265456e-04;1.9384089635367148e-05,1.2494253810053655e-04,9.9999999200680967e-01];
Vel_cv(21,:)=[-3.9015494502813203e-03,-1.1541756719112919e-03,1.3135621666966037e-03];
RotGiro_cv(21,:)=[2.4987243653004183e-03,-3.8594190047854660e-04,2.7448955578034128e-02];
t_cv(21,:)=1.4036371315383191e+09;
dt_cv(21,:)=4.9999952316284180e-02;
i_cv(21,:)=20;
