Kp_cv(1,:)=1.7244389627088221e+00;
RKp_cv(1,:)=1.0867961733147155e-02;
Rot_cv(1,:,:)=[9.9999995280619680e-01,-4.7993075666466819e-05,-3.0345389885355211e-04;4.7967311707761250e-05,9.9999999524479222e-01,-8.4909089466865106e-05;3.0345797245892906e-04,8.4894529591931687e-05,9.9999995035308764e-01];
Vel_cv(1,:)=[8.1326514677368435e-03,2.8474892730639733e-03,-7.8845618640929196e-04];
RotGiro_cv(1,:)=[1.6980378387152549e-03,-6.0691246038592807e-03,9.5960480514139330e-04];
t_cv(1,:)=1.4037152732621431e+09;
dt_cv(1,:)=4.9999952316284180e-02;
i_cv(1,:)=0;
Pose_cv(1,:,:)=[1.0000000000000000e+00,0.0000000000000000e+00,0.0000000000000000e+00;0.0000000000000000e+00,1.0000000000000000e+00,0.0000000000000000e+00;0.0000000000000000e+00,0.0000000000000000e+00,1.0000000000000000e+00];
Pos_cv(1,:)=[0.0000000000000000e+00,0.0000000000000000e+00,0.0000000000000000e+00];
K_cv(1,:)=1.0000000000000000e+00;
KLN_cv(1,:)=16000;
Giro_cv(1,:)=[1.5417102139469740e-02,2.6464497470223801e-03,7.7906476898247229e-02];
Acel_cv(1,:)=[3.6099459670673534e-01,-9.0983313247637287e+00,-3.6515975759014681e+00];
CAcel_cv(1,:)=[3.6099459670673534e-01,-9.0983313247637287e+00,-3.6515975759014681e+00];
DGiro_cv(1,:)=[0.0000000000000000e+00,0.0000000000000000e+00,0.0000000000000000e+00];
GBias_cv(1,:)=[8.1929930124752964e-04,4.3788834485431323e-04,3.8436361739257623e-03];
dWv_cv(1,:)=[8.1929936249434975e-04,4.3788837608842727e-04,3.8436361882256114e-03];
dWgv_cv(1,:)=[8.1929930124811923e-04,4.3788834485462835e-04,3.8436361739285288e-03];
g_cv(1,:)=[0.0000000000000000e+00,0.0000000000000000e+00,0.0000000000000000e+00];
VBias_cv(1,:)=[0.0000000000000000e+00,0.0000000000000000e+00,0.0000000000000000e+00];
Av_cv(1,:)=[1.6265318447290134e-01,5.6949839772878999e-02,-1.5769138766808469e-02];
As_cv(1,:)=[8.5965080458140150e-02,-2.2730912089345767e+00,-9.0922935768178192e-01];
Posgv_cv(1,:)=[0.0000000000000000e+00,0.0000000000000000e+00,0.0000000000000000e+00];
SMM_cv(1,:)=0;
Kp_cv(2,:)=1.0191092314593642e+00;
RKp_cv(2,:)=3.3799684897525516e-03;
Rot_cv(2,:,:)=[9.9999996911572575e-01,-8.5457588681566796e-05,-2.3337855163990020e-04;8.5434559449186029e-05,9.9999999148102736e-01,-9.8685773803578689e-05;2.3338698310003341e-04,9.8665832162002763e-05,9.9999996789778434e-01];
Vel_cv(2,:)=[3.3401824817015577e-03,1.2869302532992073e-03,-1.0430454933712089e-03];
RotGiro_cv(2,:)=[1.9735179652686724e-03,-4.6676598544536764e-03,1.7089231314297963e-03];
t_cv(2,:)=1.4037152733121431e+09;
dt_cv(2,:)=4.9999952316284180e-02;
i_cv(2,:)=1;
Pose_cv(2,:,:)=[1.0000000000000000e+00,0.0000000000000000e+00,0.0000000000000000e+00;0.0000000000000000e+00,1.0000000000000000e+00,0.0000000000000000e+00;0.0000000000000000e+00,0.0000000000000000e+00,1.0000000000000000e+00];
Pos_cv(2,:)=[0.0000000000000000e+00,0.0000000000000000e+00,0.0000000000000000e+00];
K_cv(2,:)=1.0000000000000000e+00;
KLN_cv(2,:)=16000;
Giro_cv(2,:)=[1.8072426818455171e-02,2.6856318113483929e-03,7.7835118670816258e-02];
Acel_cv(2,:)=[3.4569978839009835e-01,-9.0870503700175274e+00,-3.6356843487689643e+00];
CAcel_cv(2,:)=[3.4386032183256060e-01,-9.0923648357383069e+00,-3.6369174307271277e+00];
DGiro_cv(2,:)=[1.5908164066102799e-02,1.3855275500050553e-02,-8.3446134141524256e-02];
GBias_cv(2,:)=[8.2015956791086665e-04,4.3266772116505153e-04,3.8442105634481053e-03];
dWv_cv(2,:)=[1.3697528199196635e-04,-3.6997408146555427e-04,6.9133635999686811e-05];
dWgv_cv(2,:)=[1.7094409270556376e-06,-1.0373931920786189e-05,1.1413727852199029e-06];
g_cv(2,:)=[0.0000000000000000e+00,0.0000000000000000e+00,0.0000000000000000e+00];
VBias_cv(2,:)=[0.0000000000000000e+00,0.0000000000000000e+00,0.0000000000000000e+00];
Av_cv(2,:)=[4.9558420165347936e-02,1.8377448388309882e-02,-1.1103246541381494e-02];
As_cv(2,:)=[1.7237012982996280e-01,-4.5411984211517122e+00,-1.8258771130446165e+00];
Posgv_cv(2,:)=[0.0000000000000000e+00,0.0000000000000000e+00,0.0000000000000000e+00];
SMM_cv(2,:)=0;
Kp_cv(3,:)=1.0410091416048459e+00;
RKp_cv(3,:)=3.5645038735403912e-03;
Rot_cv(3,:,:)=[9.9999995692080046e-01,-4.6514329403100495e-05,-2.8981858860330906e-04;4.6487012870628619e-05,9.9999999447701204e-01,-9.4259924216338219e-05;2.8982297143982367e-04,9.4246447355245152e-05,9.9999995356012483e-01];
Vel_cv(3,:)=[5.2263462352349181e-03,1.9284725092011156e-03,-5.1611803013488751e-04];
RotGiro_cv(3,:)=[1.8850565546557323e-03,-5.7963935807616562e-03,9.3000988976282915e-04];
t_cv(3,:)=1.4037152733621430e+09;
dt_cv(3,:)=5.0000190734863281e-02;
i_cv(3,:)=2;
Pose_cv(3,:,:)=[1.0000000000000000e+00,0.0000000000000000e+00,0.0000000000000000e+00;0.0000000000000000e+00,1.0000000000000000e+00,0.0000000000000000e+00;0.0000000000000000e+00,0.0000000000000000e+00,1.0000000000000000e+00];
Pos_cv(3,:)=[0.0000000000000000e+00,0.0000000000000000e+00,0.0000000000000000e+00];
K_cv(3,:)=1.0000000000000000e+00;
KLN_cv(3,:)=16000;
Giro_cv(3,:)=[1.8383901991572194e-02,3.8804234758562138e-03,7.8606865609047352e-02];
Acel_cv(3,:)=[3.4714942687314826e-01,-9.0716386465441268e+00,-3.6692223071743988e+00];
CAcel_cv(3,:)=[3.4724581947820093e-01,-9.0720407013673956e+00,-3.6674081756400896e+00];
DGiro_cv(3,:)=[-4.1661793993389283e-02,-1.4587916643713549e-02,-1.0193601505152998e-03];
GBias_cv(3,:)=[8.2140943180275484e-04,4.3109197875504330e-04,3.8446359443219257e-03];
dWv_cv(3,:)=[1.7494834668231618e-04,-4.0293785242505277e-04,3.8426959468292957e-05];
dWgv_cv(3,:)=[3.6706403556312310e-06,-4.6276908372142581e-06,1.2492721904302082e-06];
g_cv(3,:)=[0.0000000000000000e+00,0.0000000000000000e+00,0.0000000000000000e+00];
VBias_cv(3,:)=[0.0000000000000000e+00,0.0000000000000000e+00,0.0000000000000000e+00];
Av_cv(3,:)=[3.0743661850089428e-02,1.1562753792793010e-02,-4.7225467502347027e-03];
As_cv(3,:)=[2.5943133463837192e-01,-6.8110716901477932e+00,-2.7385244280761749e+00];
Posgv_cv(3,:)=[0.0000000000000000e+00,0.0000000000000000e+00,0.0000000000000000e+00];
SMM_cv(3,:)=0;
Kp_cv(4,:)=1.0347851402410804e+00;
RKp_cv(4,:)=2.7227861296030002e-03;
Rot_cv(4,:,:)=[9.9999995804759512e-01,-5.5570262459345068e-05,-2.8428287626841282e-04;5.5541860628927040e-05,9.9999999346616220e-01,-9.9913852763518088e-05;2.8428842664996113e-04,9.9898058971991229e-05,9.9999995460023317e-01];
Vel_cv(4,:)=[4.9192727326760584e-03,1.5082509061349703e-03,-5.1266698240490726e-04];
RotGiro_cv(4,:)=[1.9981305820159757e-03,-5.6857456522496309e-03,1.1111276061923684e-03];
t_cv(4,:)=1.4037152734121432e+09;
dt_cv(4,:)=4.9999713897705078e-02;
i_cv(4,:)=3;
Pose_cv(4,:,:)=[1.0000000000000000e+00,0.0000000000000000e+00,0.0000000000000000e+00;0.0000000000000000e+00,1.0000000000000000e+00,0.0000000000000000e+00;0.0000000000000000e+00,0.0000000000000000e+00,1.0000000000000000e+00];
Pos_cv(4,:)=[0.0000000000000000e+00,0.0000000000000000e+00,0.0000000000000000e+00];
K_cv(4,:)=1.0000000000000000e+00;
KLN_cv(4,:)=16000;
Giro_cv(4,:)=[1.8350518048692515e-02,2.7596163031907519e-03,7.7842010754235788e-02];
Acel_cv(4,:)=[3.5088289630616010e-01,-9.0804952461302761e+00,-3.6502903097677240e+00];
CAcel_cv(4,:)=[3.5120600045526029e-01,-9.0787727758594201e+00,-3.6521019871053921e+00];
DGiro_cv(4,:)=[8.3378833232401223e-02,1.3063366144296575e-03,1.6112236069685058e-02];
GBias_cv(4,:)=[8.2140030074434210e-04,4.2975732965127396e-04,3.8452390819176175e-03];
dWv_cv(4,:)=[1.5664173508793720e-04,-4.1936717300534282e-04,7.4578760859137484e-05];
dWgv_cv(4,:)=[-3.4956705138178631e-08,-5.1094772450837922e-06,2.3090097705365258e-06];
g_cv(4,:)=[0.0000000000000000e+00,0.0000000000000000e+00,0.0000000000000000e+00];
VBias_cv(4,:)=[0.0000000000000000e+00,0.0000000000000000e+00,0.0000000000000000e+00];
Av_cv(4,:)=[1.3864621247487134e-02,4.1978037023069287e-03,-1.4945467532360714e-03];
As_cv(4,:)=[3.4253037064701175e-01,-9.0806191117350412e+00,-3.6543146835579665e+00];
Posgv_cv(4,:)=[0.0000000000000000e+00,0.0000000000000000e+00,0.0000000000000000e+00];
SMM_cv(4,:)=0;
Kp_cv(5,:)=1.0473952773115156e+00;
RKp_cv(5,:)=2.1704010808282275e-03;
Rot_cv(5,:,:)=[9.9999994942319637e-01,-1.5084143163215060e-04,-2.8000083406371873e-04;1.5081097463187515e-04,9.9999998271010948e-01,-1.0879260372194556e-04;2.8001723965464002e-04,1.0875037102088471e-04,9.9999995488185023e-01];
Vel_cv(5,:)=[4.6677915021573341e-03,1.7325180759165646e-03,-3.0087675101033492e-04];
RotGiro_cv(5,:)=[2.1754214898189518e-03,-5.6001594797263753e-03,3.0165126123614136e-03];
t_cv(5,:)=1.4037152734621429e+09;
dt_cv(5,:)=5.0000190734863281e-02;
i_cv(5,:)=4;
Pose_cv(5,:,:)=[1.0000000000000000e+00,0.0000000000000000e+00,0.0000000000000000e+00;0.0000000000000000e+00,1.0000000000000000e+00,0.0000000000000000e+00;0.0000000000000000e+00,0.0000000000000000e+00,1.0000000000000000e+00];
Pos_cv(5,:)=[0.0000000000000000e+00,0.0000000000000000e+00,0.0000000000000000e+00];
K_cv(5,:)=1.0000000000000000e+00;
KLN_cv(5,:)=16000;
Giro_cv(5,:)=[1.8413864312842868e-02,2.8312527634547966e-03,7.8052885442763092e-02];
Acel_cv(5,:)=[3.3732360730773553e-01,-9.0758587638581680e+00,-3.6661897984021201e+00];
CAcel_cv(5,:)=[3.3702350915182544e-01,-9.0770379045900729e+00,-3.6655885933526711e+00];
DGiro_cv(5,:)=[-2.7553025059798699e-02,-4.7040972702789679e-04,-1.4676009937206027e-02];
GBias_cv(5,:)=[8.2118657448418603e-04,4.2889152021907331e-04,3.8461855407766442e-03];
dWv_cv(5,:)=[1.6756792322252025e-04,-4.1821203947938932e-04,1.4400127434748784e-04];
dWgv_cv(5,:)=[-9.9297250274160768e-07,-4.0225518294370071e-06,4.3972491789421966e-06];
g_cv(5,:)=[0.0000000000000000e+00,0.0000000000000000e+00,0.0000000000000000e+00];
VBias_cv(5,:)=[0.0000000000000000e+00,0.0000000000000000e+00,0.0000000000000000e+00];
Av_cv(5,:)=[-1.0700353737404578e-02,-4.0042331394365025e-03,3.0544269172323060e-03];
As_cv(5,:)=[3.4566141805471517e-01,-9.0736344886546512e+00,-3.6582597398553398e+00];
Posgv_cv(5,:)=[0.0000000000000000e+00,0.0000000000000000e+00,0.0000000000000000e+00];
SMM_cv(5,:)=0;
Kp_cv(6,:)=1.0128005892311391e+00;
RKp_cv(6,:)=1.9635655697270394e-03;
Rot_cv(6,:,:)=[9.9999997330273716e-01,-2.2995998672630522e-04,-2.2647959408112097e-05;2.2995816643834392e-04,9.9999997033212207e-01,-8.0342990816406132e-05;2.2666434409310857e-05,8.0337780588256400e-05,9.9999999651603688e-01];
Vel_cv(6,:)=[4.2122768126125944e-03,1.2078179807689493e-03,-1.3631876232475231e-04];
RotGiro_cv(6,:)=[1.6068092624469449e-03,-4.5314437484628492e-04,4.5991859636481244e-03];
t_cv(6,:)=1.4037152735121431e+09;
dt_cv(6,:)=4.9999952316284180e-02;
i_cv(6,:)=5;
Pose_cv(6,:,:)=[1.0000000000000000e+00,0.0000000000000000e+00,0.0000000000000000e+00;0.0000000000000000e+00,1.0000000000000000e+00,0.0000000000000000e+00;0.0000000000000000e+00,0.0000000000000000e+00,1.0000000000000000e+00];
Pos_cv(6,:)=[0.0000000000000000e+00,0.0000000000000000e+00,0.0000000000000000e+00];
K_cv(6,:)=1.0000000000000000e+00;
KLN_cv(6,:)=16000;
Giro_cv(6,:)=[1.8571790219130503e-02,2.9115348263549236e-03,8.0012087805836019e-02];
Acel_cv(6,:)=[3.5730196557491672e-01,-9.0697809274068462e+00,-3.6518000607565981e+00];
CAcel_cv(6,:)=[3.5892564092915896e-01,-9.0642056815784802e+00,-3.6529847695788344e+00];
DGiro_cv(6,:)=[1.1589615748073318e-02,1.4484630899974779e-02,8.4048628310075840e-02];
GBias_cv(6,:)=[8.2120513563758719e-04,4.2843485284526647e-04,3.8467701505479086e-03];
dWv_cv(6,:)=[1.8445234485767417e-04,-4.3447293159808278e-04,1.6131230637717191e-04];
dWgv_cv(6,:)=[9.9862238709497681e-08,-2.4569500239682967e-06,3.1453024102568524e-06];
g_cv(6,:)=[0.0000000000000000e+00,0.0000000000000000e+00,0.0000000000000000e+00];
VBias_cv(6,:)=[0.0000000000000000e+00,0.0000000000000000e+00,0.0000000000000000e+00];
Av_cv(6,:)=[2.3721615464841581e-03,-6.9763676104002198e-04,4.0778355807073070e-03];
As_cv(6,:)=[3.3900249388636966e-01,-9.0725949098159031e+00,-3.6522477345153215e+00];
Posgv_cv(6,:)=[0.0000000000000000e+00,0.0000000000000000e+00,0.0000000000000000e+00];
SMM_cv(6,:)=0;
Kp_cv(7,:)=1.0192346842174622e+00;
RKp_cv(7,:)=1.7637133585428860e-03;
Rot_cv(7,:,:)=[9.9999998190279071e-01,-1.2913100786313348e-04,-1.3971256472375193e-04;1.2910368335762267e-04,9.9999997254271245e-01,-1.9556792472961786e-04;1.3973781477085635e-04,1.9554988378367037e-04,9.9999997111679273e-01];
Vel_cv(7,:)=[8.3747114244014792e-03,2.6384803014860687e-03,-1.1372338935097709e-04];
RotGiro_cv(7,:)=[3.9111632137524208e-03,-2.7944931694699748e-03,2.5823370934106252e-03];
t_cv(7,:)=1.4037152735621431e+09;
dt_cv(7,:)=5.0000190734863281e-02;
i_cv(7,:)=6;
Pose_cv(7,:,:)=[1.0000000000000000e+00,0.0000000000000000e+00,0.0000000000000000e+00;0.0000000000000000e+00,1.0000000000000000e+00,0.0000000000000000e+00;0.0000000000000000e+00,0.0000000000000000e+00,1.0000000000000000e+00];
Pos_cv(7,:)=[0.0000000000000000e+00,0.0000000000000000e+00,0.0000000000000000e+00];
K_cv(7,:)=1.0000000000000000e+00;
KLN_cv(7,:)=16000;
Giro_cv(7,:)=[1.8034912579339566e-02,8.0768561452170574e-03,8.1585084754240506e-02];
Acel_cv(7,:)=[3.1660479635206457e-01,-9.0801979856533634e+00,-3.6528102216557259e+00];
CAcel_cv(7,:)=[3.2169277892977283e-01,-9.0679603091403251e+00,-3.6430698303255000e+00];
DGiro_cv(7,:)=[-2.4197993847728735e-01,-7.2518406129036345e-02,2.1751143611665108e-01];
GBias_cv(7,:)=[8.2134469185392105e-04,4.2810197438826323e-04,3.8465424449529470e-03];
dWv_cv(7,:)=[1.9581267609930633e-04,-5.7758755997315450e-04,4.4071323250779597e-05];
dWgv_cv(7,:)=[8.4108994504078277e-07,-2.0062217969299649e-06,-1.3723565412046514e-06];
g_cv(7,:)=[0.0000000000000000e+00,0.0000000000000000e+00,0.0000000000000000e+00];
VBias_cv(7,:)=[0.0000000000000000e+00,0.0000000000000000e+00,0.0000000000000000e+00];
Av_cv(7,:)=[1.1175820502559799e-02,2.2562712355291658e-03,2.3850632912345575e-03];
As_cv(7,:)=[2.8891350157584661e-01,-9.0877436043948840e+00,-3.6286466179881742e+00];
Posgv_cv(7,:)=[0.0000000000000000e+00,0.0000000000000000e+00,0.0000000000000000e+00];
SMM_cv(7,:)=0;
Kp_cv(8,:)=1.0061576206589324e+00;
RKp_cv(8,:)=1.1307651584467979e-03;
Rot_cv(8,:,:)=[9.9999996966385163e-01,1.9646795915227028e-04,-1.4856862550852610e-04;-1.9645370201495008e-04,9.9999997609767621e-01,9.5971816915858750e-05;1.4858747734440521e-04,-9.5942627147954171e-05,9.9999998435838677e-01];
Vel_cv(8,:)=[1.2387327742501130e-03,-3.8284870217219401e-04,8.4755255103832926e-06];
RotGiro_cv(8,:)=[-1.9191554444853815e-03,-2.9715780666441358e-03,-3.9292391407212595e-03];
t_cv(8,:)=1.4037152736121433e+09;
dt_cv(8,:)=4.9999713897705078e-02;
i_cv(8,:)=7;
Pose_cv(8,:,:)=[1.0000000000000000e+00,0.0000000000000000e+00,0.0000000000000000e+00;0.0000000000000000e+00,1.0000000000000000e+00,0.0000000000000000e+00;0.0000000000000000e+00,0.0000000000000000e+00,1.0000000000000000e+00];
Pos_cv(8,:)=[0.0000000000000000e+00,0.0000000000000000e+00,0.0000000000000000e+00];
K_cv(8,:)=1.0000000000000000e+00;
KLN_cv(8,:)=15081;
Giro_cv(8,:)=[2.0359011718938873e-02,5.7287988950484505e-03,7.9488887390431334e-02];
Acel_cv(8,:)=[1.4723450673256691e-01,-9.1218259842186722e+00,-3.6235032856468217e+00];
CAcel_cv(8,:)=[1.4978956485560785e-01,-9.1383014864530754e+00,-3.5604590289266969e+00];
DGiro_cv(8,:)=[2.4642785245165141e-01,-1.0448305252624277e+00,-2.8303522109710316e-01];
GBias_cv(8,:)=[8.2116349514745036e-04,4.2771333318785228e-04,3.8470026901066393e-03];
dWv_cv(8,:)=[9.4731244804037432e-05,-3.2484413585801936e-04,1.2697564566750257e-04];
dWgv_cv(8,:)=[-1.1935500789503598e-06,-2.5599954020620173e-06,3.0316535561033552e-06];
g_cv(8,:)=[0.0000000000000000e+00,0.0000000000000000e+00,0.0000000000000000e+00];
VBias_cv(8,:)=[0.0000000000000000e+00,0.0000000000000000e+00,0.0000000000000000e+00];
Av_cv(8,:)=[-7.3103936824512727e-03,-5.7407519493683024e-03,2.4737895425313706e-03];
As_cv(8,:)=[3.6378252327253063e-01,-9.0604101710353877e+00,-3.6661017667238336e+00];
Posgv_cv(8,:)=[0.0000000000000000e+00,0.0000000000000000e+00,0.0000000000000000e+00];
SMM_cv(8,:)=0;
Kp_cv(9,:)=1.0003634677819984e+00;
RKp_cv(9,:)=1.1891367143007602e-03;
Rot_cv(9,:,:)=[9.9999984311063106e-01,-3.7793071976995529e-04,4.1345747575872777e-04;3.7790101372798119e-04,9.9999992600890375e-01,7.1923641149665297e-05;-4.1348462732003152e-04,-7.1767383866392129e-05,9.9999991193994875e-01];
Vel_cv(9,:)=[5.0188842771801349e-04,-8.7216658006772303e-07,6.8434309235601261e-04];
RotGiro_cv(9,:)=[-1.4369048451850373e-03,8.2693899251439808e-03,7.5582889041709853e-03];
t_cv(9,:)=1.4037152736621430e+09;
dt_cv(9,:)=5.0000190734863281e-02;
i_cv(9,:)=8;
Pose_cv(9,:,:)=[1.0000000000000000e+00,0.0000000000000000e+00,0.0000000000000000e+00;0.0000000000000000e+00,1.0000000000000000e+00,0.0000000000000000e+00;0.0000000000000000e+00,0.0000000000000000e+00,1.0000000000000000e+00];
Pos_cv(9,:)=[0.0000000000000000e+00,0.0000000000000000e+00,0.0000000000000000e+00];
K_cv(9,:)=1.0000000000000000e+00;
KLN_cv(9,:)=14280;
Giro_cv(9,:)=[1.4520720711843274e-02,5.5455310697287829e-03,7.3053728535234536e-02];
Acel_cv(9,:)=[6.3149480480286890e-01,-9.0263633051308680e+00,-3.6252736798662446e+00];
CAcel_cv(9,:)=[6.2650452217056418e-01,-8.9704876682631962e+00,-3.8093253741209128e+00];
DGiro_cv(9,:)=[2.8720382198292665e-01,2.7307083120041908e+00,8.2121948619049312e-01];
GBias_cv(9,:)=[8.2084564696928441e-04,4.2775195221483989e-04,3.8479837577746799e-03];
dWv_cv(9,:)=[-1.8522653371901352e-05,-8.3488294987542562e-06,2.0210367928644822e-04];
dWgv_cv(9,:)=[-2.2456517294806980e-06,2.7285002936322373e-07,6.9314108332649714e-06];
g_cv(9,:)=[0.0000000000000000e+00,0.0000000000000000e+00,0.0000000000000000e+00];
VBias_cv(9,:)=[0.0000000000000000e+00,0.0000000000000000e+00,0.0000000000000000e+00];
Av_cv(9,:)=[-2.2615613647572867e-02,-1.0102969532435363e-02,4.2292849136394842e-03];
As_cv(9,:)=[3.9910288058185395e-01,-9.0595544550684970e+00,-3.7138925725788550e+00];
Posgv_cv(9,:)=[0.0000000000000000e+00,0.0000000000000000e+00,0.0000000000000000e+00];
SMM_cv(9,:)=0;
Kp_cv(10,:)=9.9772266602705750e-01;
RKp_cv(10,:)=1.2115689433683991e-03;
Rot_cv(10,:,:)=[9.9999989025451885e-01,8.5749275672107058e-05,-4.6058442465356258e-04;-8.5801412273954749e-05,9.9999998991442274e-01,-1.1317805720129384e-04;4.6057471507186430e-04,1.1321756357457184e-04,9.9999988752635127e-01];
Vel_cv(10,:)=[4.4845442605583414e-03,1.5027274448411218e-03,-3.6315755540485315e-04];
RotGiro_cv(10,:)=[2.2639584544927884e-03,-9.2116005387705858e-03,-1.7155085819171303e-03];
t_cv(10,:)=1.4037152737121432e+09;
dt_cv(10,:)=4.9999952316284180e-02;
i_cv(10,:)=9;
Pose_cv(10,:,:)=[1.0000000000000000e+00,0.0000000000000000e+00,0.0000000000000000e+00;0.0000000000000000e+00,1.0000000000000000e+00,0.0000000000000000e+00;0.0000000000000000e+00,0.0000000000000000e+00,1.0000000000000000e+00];
Pos_cv(10,:)=[0.0000000000000000e+00,0.0000000000000000e+00,0.0000000000000000e+00];
K_cv(10,:)=1.0000000000000000e+00;
KLN_cv(10,:)=13604;
Giro_cv(10,:)=[1.5031885243436880e-02,1.6842272247560207e-02,8.4617380291408376e-02];
Acel_cv(10,:)=[5.1959250197425566e-01,-9.0804852469618513e+00,-3.6614729420714953e+00];
CAcel_cv(10,:)=[5.0331431959348150e-01,-9.0618754644157438e+00,-3.8411282081557054e+00];
DGiro_cv(10,:)=[-7.7135107745798848e-02,2.7789691789437776e+00,2.9485153777511841e-01];
GBias_cv(10,:)=[8.2088110673588486e-04,4.2762523956898027e-04,3.8478768632367413e-03];
dWv_cv(10,:)=[8.7387944000046219e-05,-2.6153683687194125e-04,1.5909988345371239e-05];
dWgv_cv(10,:)=[2.6482145132201343e-07,-9.4631832057797062e-07,-7.9831226737385946e-07];
g_cv(10,:)=[0.0000000000000000e+00,0.0000000000000000e+00,0.0000000000000000e+00];
VBias_cv(10,:)=[0.0000000000000000e+00,0.0000000000000000e+00,0.0000000000000000e+00];
Av_cv(10,:)=[-1.4657273599832866e-02,-4.0933563297936111e-03,6.9763793329585117e-04];
As_cv(10,:)=[4.1812033974233065e-01,-9.0572055546288510e+00,-3.7416508739308636e+00];
Posgv_cv(10,:)=[0.0000000000000000e+00,0.0000000000000000e+00,0.0000000000000000e+00];
SMM_cv(10,:)=0;
Kp_cv(11,:)=9.9242876614257658e-01;
RKp_cv(11,:)=1.1333157446461854e-03;
Rot_cv(11,:,:)=[9.9999975452882128e-01,-1.8298570673814995e-04,-6.7635680559811060e-04;1.8282328608382772e-04,9.9999995444111944e-01,-2.4019451597710948e-04;6.7640072694732500e-04,2.4007080324251986e-04,9.9999974242400025e-01];
Vel_cv(11,:)=[6.8927511624975691e-03,2.8648702577262091e-03,-3.1155516438979755e-04];
RotGiro_cv(11,:)=[4.8026582114955082e-03,-1.3527589463253961e-02,3.6580937513248941e-03];
t_cv(11,:)=1.4037152737621431e+09;
dt_cv(11,:)=4.9999952316284180e-02;
i_cv(11,:)=10;
Pose_cv(11,:,:)=[1.0000000000000000e+00,0.0000000000000000e+00,0.0000000000000000e+00;0.0000000000000000e+00,1.0000000000000000e+00,0.0000000000000000e+00;0.0000000000000000e+00,0.0000000000000000e+00,1.0000000000000000e+00];
Pos_cv(11,:)=[0.0000000000000000e+00,0.0000000000000000e+00,0.0000000000000000e+00];
K_cv(11,:)=1.0000000000000000e+00;
KLN_cv(11,:)=13295;
Giro_cv(11,:)=[1.8748876828004597e-02,-6.6660686902739186e-04,7.5211354793864288e-02];
Acel_cv(11,:)=[4.1414840696738703e-01,-9.0493076171994282e+00,-3.6487763098177219e+00];
CAcel_cv(11,:)=[3.9823562989888123e-01,-9.0576055946914469e+00,-3.7562994933312708e+00];
DGiro_cv(11,:)=[-7.1152715945631939e-01,1.8744385988979024e+00,-3.9355942587739549e-02];
GBias_cv(11,:)=[8.2096637340106258e-04,4.2743008562849737e-04,3.8477927093581569e-03];
dWv_cv(11,:)=[2.3744557296145934e-04,-5.6933647868017225e-04,6.6824117857696024e-05];
dWgv_cv(11,:)=[6.6545713442709695e-07,-1.5230639281516237e-06,-6.5677247699255988e-07];
g_cv(11,:)=[0.0000000000000000e+00,0.0000000000000000e+00,0.0000000000000000e+00];
VBias_cv(11,:)=[0.0000000000000000e+00,0.0000000000000000e+00,0.0000000000000000e+00];
Av_cv(11,:)=[5.6169040688494739e-04,4.6855061854814565e-03,-1.5086346429141711e-03];
As_cv(11,:)=[4.5990794256485368e-01,-9.0397548708125104e+00,-3.7705097069625801e+00];
Posgv_cv(11,:)=[0.0000000000000000e+00,0.0000000000000000e+00,0.0000000000000000e+00];
SMM_cv(11,:)=0;
Kp_cv(12,:)=1.0028746340859760e+00;
RKp_cv(12,:)=8.9158591288516728e-04;
Rot_cv(12,:,:)=[9.9999984352019811e-01,2.4036107048612811e-04,-5.0515951520344819e-04;-2.4034361434005884e-04,9.9999997051833478e-01,3.4616132566072698e-05;5.0516782068118257e-04,-3.4494715285645098e-05,9.9999987180778560e-01];
Vel_cv(12,:)=[3.8167121427995850e-03,-2.0754888648841564e-03,-8.4365394739220579e-04];
RotGiro_cv(12,:)=[-6.9110917379595893e-04,-1.0103283523085116e-02,-4.8070516843155293e-03];
t_cv(12,:)=1.4037152738121431e+09;
dt_cv(12,:)=4.9999952316284180e-02;
i_cv(12,:)=11;
Pose_cv(12,:,:)=[1.0000000000000000e+00,0.0000000000000000e+00,0.0000000000000000e+00;0.0000000000000000e+00,1.0000000000000000e+00,0.0000000000000000e+00;0.0000000000000000e+00,0.0000000000000000e+00,1.0000000000000000e+00];
Pos_cv(12,:)=[0.0000000000000000e+00,0.0000000000000000e+00,0.0000000000000000e+00];
K_cv(12,:)=1.0000000000000000e+00;
KLN_cv(12,:)=13013;
Giro_cv(12,:)=[2.1259448499269563e-02,-5.0057216792945584e-03,8.0599991040903457e-02];
Acel_cv(12,:)=[3.4126591917637156e-01,-9.0510537718598236e+00,-3.6114089782798109e+00];
CAcel_cv(12,:)=[3.2803691626962028e-01,-9.0653028879621491e+00,-3.6819011436851898e+00];
DGiro_cv(12,:)=[5.2441109835221100e-01,9.1430307956099410e-01,-2.8322930020659648e-01];
GBias_cv(12,:)=[9.0287225941737526e-04,1.6139341087808602e-04,3.9184417227417171e-03];
dWv_cv(12,:)=[-4.2313393799885374e-05,-5.0146207496665597e-04,-4.8578268759389928e-05];
dWgv_cv(12,:)=[-3.1343809954269870e-06,-3.9065694333863558e-06,-4.2809177370128125e-06];
g_cv(12,:)=[0.0000000000000000e+00,0.0000000000000000e+00,0.0000000000000000e+00];
VBias_cv(12,:)=[0.0000000000000000e+00,0.0000000000000000e+00,0.0000000000000000e+00];
Av_cv(12,:)=[2.3090022241159955e-02,-1.0351581945282329e-03,-5.3997182355217214e-03];
As_cv(12,:)=[3.6139219157558139e-01,-9.0678239740425486e+00,-3.7208624911719830e+00];
Posgv_cv(12,:)=[0.0000000000000000e+00,0.0000000000000000e+00,0.0000000000000000e+00];
SMM_cv(12,:)=0;
Kp_cv(13,:)=1.0042793575254045e+00;
RKp_cv(13,:)=8.3114225056817297e-04;
Rot_cv(13,:,:)=[9.9999990731382438e-01,-4.1474207424772711e-04,-1.1559132699014058e-04;4.1474773553056335e-04,9.9999991279375833e-01,4.8957042899417877e-05;1.1557101236432465e-04,-4.9004979602894645e-05,9.9999999212092650e-01];
Vel_cv(13,:)=[3.2655180490557684e-03,1.4559531923613726e-03,1.5657480819529794e-04];
RotGiro_cv(13,:)=[-9.7961651874011184e-04,-2.3116146477775031e-03,8.2948667149684539e-03];
t_cv(13,:)=1.4037152738621430e+09;
dt_cv(13,:)=5.0000190734863281e-02;
i_cv(13,:)=12;
Pose_cv(13,:,:)=[1.0000000000000000e+00,0.0000000000000000e+00,0.0000000000000000e+00;0.0000000000000000e+00,1.0000000000000000e+00,0.0000000000000000e+00;0.0000000000000000e+00,0.0000000000000000e+00,1.0000000000000000e+00];
Pos_cv(13,:)=[0.0000000000000000e+00,0.0000000000000000e+00,0.0000000000000000e+00];
K_cv(13,:)=1.0000000000000000e+00;
KLN_cv(13,:)=12913;
Giro_cv(13,:)=[1.7349217736711109e-02,-6.9085207214389490e-03,7.3522636155108761e-02];
Acel_cv(13,:)=[2.2921419047834002e-01,-9.0585475358960128e+00,-3.6371598203729492e+00];
CAcel_cv(13,:)=[2.2458647540474314e-01,-9.0848156197454486e+00,-3.6071044538987831e+00];
DGiro_cv(13,:)=[4.6797508626865514e-01,-6.0937850357304280e-01,-4.6053506880391193e-01];
GBias_cv(13,:)=[9.0226127707961870e-04,1.6088882999039793e-04,3.9187807746227750e-03];
dWv_cv(13,:)=[-1.3319821386016182e-05,-2.2221676513410653e-04,2.9350510598087864e-05];
dWgv_cv(13,:)=[-1.6609575747675049e-06,-1.3717048688604938e-06,9.2171369822312503e-07];
g_cv(13,:)=[0.0000000000000000e+00,0.0000000000000000e+00,0.0000000000000000e+00];
VBias_cv(13,:)=[0.0000000000000000e+00,0.0000000000000000e+00,0.0000000000000000e+00];
Av_cv(13,:)=[9.7119921368634086e-03,-1.3290796881788793e-03,-3.0575094225634590e-03];
As_cv(13,:)=[2.7234643668094211e-01,-9.0704091130093332e+00,-3.6505850354522966e+00];
Posgv_cv(13,:)=[0.0000000000000000e+00,0.0000000000000000e+00,0.0000000000000000e+00];
SMM_cv(13,:)=0;
Kp_cv(14,:)=1.0013706241038509e+00;
RKp_cv(14,:)=8.1272934371414871e-04;
Rot_cv(14,:,:)=[9.9999997381382766e-01,1.2457303902907359e-04,1.9197370095990092e-04;-1.2455283593032829e-04,9.9999998670480372e-01,-1.0524724992573547e-04;-1.9198680937733496e-04,1.0522333630083606e-04,9.9999997603455681e-01];
Vel_cv(14,:)=[6.7010191118849196e-03,1.5020813519426653e-03,6.0446514042711965e-06];
RotGiro_cv(14,:)=[2.1047179278144298e-03,3.8396271144968321e-03,-2.4912730311163886e-03];
t_cv(14,:)=1.4037152739121432e+09;
dt_cv(14,:)=4.9999713897705078e-02;
i_cv(14,:)=13;
Pose_cv(14,:,:)=[1.0000000000000000e+00,0.0000000000000000e+00,0.0000000000000000e+00;0.0000000000000000e+00,1.0000000000000000e+00,0.0000000000000000e+00;0.0000000000000000e+00,0.0000000000000000e+00,1.0000000000000000e+00];
Pos_cv(14,:)=[0.0000000000000000e+00,0.0000000000000000e+00,0.0000000000000000e+00];
K_cv(14,:)=1.0000000000000000e+00;
KLN_cv(14,:)=12666;
Giro_cv(14,:)=[1.7033499591521038e-02,8.9147000543636989e-04,8.6684355021981546e-02];
Acel_cv(14,:)=[1.4903886071085956e-01,-9.0613589843190532e+00,-3.6334939444394956e+00];
CAcel_cv(14,:)=[1.5468532394543691e-01,-9.0735194526707055e+00,-3.5565096228317206e+00];
DGiro_cv(14,:)=[-6.1832627621181670e-02,-1.1606963247018194e+00,-1.7880881426725301e-01];
GBias_cv(14,:)=[9.0230627694416125e-04,1.6070849649335890e-04,3.9192145246222301e-03];
dWv_cv(14,:)=[1.5519720942354438e-04,-4.5297457476295276e-04,1.0098909948348519e-04];
dWgv_cv(14,:)=[1.6313702342522636e-07,-6.5375907749680535e-07,1.5724643738634137e-06];
g_cv(14,:)=[0.0000000000000000e+00,0.0000000000000000e+00,0.0000000000000000e+00];
VBias_cv(14,:)=[0.0000000000000000e+00,0.0000000000000000e+00,0.0000000000000000e+00];
Av_cv(14,:)=[1.6111951633184995e-03,-2.8143101696812738e-03,2.4414511600164357e-03];
As_cv(14,:)=[2.6620872777821469e-01,-9.0733591757613237e+00,-3.6161813977222561e+00];
Posgv_cv(14,:)=[0.0000000000000000e+00,0.0000000000000000e+00,0.0000000000000000e+00];
SMM_cv(14,:)=0;
Kp_cv(15,:)=1.0157682869172076e+00;
RKp_cv(15,:)=6.9627903071403446e-04;
Rot_cv(15,:,:)=[9.9999785505208361e-01,-2.1570351129725771e-04,2.0599425301446980e-03;2.1555856408912838e-04,9.9999997427602938e-01,7.0586445564015227e-05;-2.0599577028989485e-03,-7.0142255905916812e-05,9.9999787582490707e-01];
Vel_cv(15,:)=[-7.4110560729825714e-03,2.2967188679124373e-05,1.6318367272915705e-03];
RotGiro_cv(15,:)=[-1.4072826536894085e-03,4.1198874659795812e-02,4.3126073895826235e-03];
t_cv(15,:)=1.4037152739621429e+09;
dt_cv(15,:)=5.0000190734863281e-02;
i_cv(15,:)=14;
Pose_cv(15,:,:)=[1.0000000000000000e+00,0.0000000000000000e+00,0.0000000000000000e+00;0.0000000000000000e+00,1.0000000000000000e+00,0.0000000000000000e+00;0.0000000000000000e+00,0.0000000000000000e+00,1.0000000000000000e+00];
Pos_cv(15,:)=[0.0000000000000000e+00,0.0000000000000000e+00,0.0000000000000000e+00];
K_cv(15,:)=1.0000000000000000e+00;
KLN_cv(15,:)=12526;
Giro_cv(15,:)=[2.0151933426867358e-02,7.0375377490456371e-03,7.5916950659330379e-02];
Acel_cv(15,:)=[3.5195594004222885e-01,-9.0950654300629594e+00,-3.6199604633887055e+00];
CAcel_cv(15,:)=[3.6010438468386152e-01,-9.0690804574519230e+00,-3.6207785785244910e+00];
DGiro_cv(15,:)=[3.2741080832549085e-01,-9.1400081939549641e-02,3.5796944471094627e-01];
GBias_cv(15,:)=[9.0243284259421640e-04,1.6092575266298982e-04,3.9202158115814161e-03];
dWv_cv(15,:)=[1.1964799475277935e-04,1.7982763320374998e-04,1.6344655659821989e-04];
dWgv_cv(15,:)=[5.6465539052363623e-07,9.6925877797923726e-07,4.4671052431607495e-06];
g_cv(15,:)=[0.0000000000000000e+00,0.0000000000000000e+00,0.0000000000000000e+00];
VBias_cv(15,:)=[0.0000000000000000e+00,0.0000000000000000e+00,0.0000000000000000e+00];
Av_cv(15,:)=[-5.1452585660871276e-02,-4.2042616822057909e-03,9.4390027353343439e-03];
As_cv(15,:)=[2.5552864716486584e-01,-9.0606095607734858e+00,-3.6208628398620761e+00];
Posgv_cv(15,:)=[0.0000000000000000e+00,0.0000000000000000e+00,0.0000000000000000e+00];
SMM_cv(15,:)=0;
Kp_cv(16,:)=1.0012967429616122e+00;
RKp_cv(16,:)=5.9668085297340527e-04;
Rot_cv(16,:,:)=[9.9999892478447594e-01,-4.4278668268184348e-04,-1.3979877847513902e-03;4.4249775761871286e-04,9.9999988067861068e-01,-2.0697463369988503e-04;1.3980792635530192e-03,2.0635580469754693e-04,9.9999900139532893e-01];
Vel_cv(16,:)=[2.0210872849017844e-03,1.4238214524348579e-05,-1.4369139241607086e-03];
RotGiro_cv(16,:)=[4.1333098366292910e-03,-2.7960707368741736e-02,8.8528560816792216e-03];
t_cv(16,:)=1.4037152740121431e+09;
dt_cv(16,:)=4.9999952316284180e-02;
i_cv(16,:)=15;
Pose_cv(16,:,:)=[9.9999142398100627e-01,-3.8997959766459518e-03,-1.3941146937883435e-03;3.8982320528340932e-03,9.9999177155678842e-01,-1.1227669296002551e-03;1.3984817843495539e-03,1.1173227181450886e-03,9.9999839791803746e-01];
Pos_cv(16,:)=[1.0115078597016512e-04,1.1865030703091962e-06,-7.1703394601918552e-05];
K_cv(16,:)=1.2253995801071438e+00;
KLN_cv(16,:)=12429;
Giro_cv(16,:)=[1.6831984365200784e-02,4.4440765072408184e-02,8.2744333798981745e-02];
Acel_cv(16,:)=[2.7245705027107814e-01,-9.0292232481204859e+00,-3.6189876047300684e+00];
CAcel_cv(16,:)=[2.6694469195194476e-01,-9.0149979323982770e+00,-3.7001942095652121e+00];
DGiro_cv(16,:)=[8.8195525110227727e-02,1.2170630666248232e+00,2.0721148328005062e-01];
GBias_cv(16,:)=[9.0237495215394657e-04,1.6104615710144484e-04,3.9205451228588855e-03];
dWv_cv(16,:)=[-6.0516761752909125e-05,1.5239260060971030e-04,4.0678682892249644e-05];
dWgv_cv(16,:)=[-3.0193839244791870e-07,6.2799181386898287e-07,1.7175844106678034e-06];
g_cv(16,:)=[3.7844218206519648e-02,9.7079666614525841e+00,-1.0899873610131772e-02];
VBias_cv(16,:)=[9.5840344222142504e-17,3.2443770206195100e-20,3.6165239480554306e-16];
Av_cv(16,:)=[-3.0014012349537933e-02,5.5082346898146306e-03,1.6376724606484577e-03];
As_cv(16,:)=[3.2365760396767285e-01,-9.0682136724612459e+00,-3.7410729614766818e+00];
Posgv_cv(16,:)=[1.0115078597012663e-04,1.1865030702773301e-06,-7.1703394601936943e-05];
SMM_cv(16,:)=0;
Kp_cv(17,:)=1.0054143801016924e+00;
RKp_cv(17,:)=5.8931487722852145e-04;
Rot_cv(17,:,:)=[9.9999992670758953e-01,-2.4160228283900511e-04,-2.9700699108055719e-04;2.4150852521658318e-04,9.9999992101299284e-01,-3.1567014427577703e-04;2.9708323424834242e-04,3.1559839141915593e-04,9.9999990606959899e-01];
Vel_cv(17,:)=[2.2540291834498415e-03,-1.0869517524101544e-03,-5.6971659950271489e-04];
RotGiro_cv(17,:)=[6.3126195720863178e-03,-5.9408810132004324e-03,4.8309952121999445e-03];
t_cv(17,:)=1.4037152740621431e+09;
dt_cv(17,:)=5.0000190734863281e-02;
i_cv(17,:)=16;
Pose_cv(17,:,:)=[9.9735697916472210e-01,7.2656895635587540e-02,-1.7784268225151700e-04;-7.2639311428386227e-02,9.9716380793976978e-01,1.9694429929992398e-02;1.6082744262739751e-03,-1.9629458771367181e-02,9.9980603008869307e-01];
Pos_cv(17,:)=[2.0961065198687551e-04,-6.1755998899105637e-05,-9.8935959965872175e-05];
K_cv(17,:)=1.3019575382737967e+00;
KLN_cv(17,:)=12412;
Giro_cv(17,:)=[2.2291175162349405e-02,-2.4722262759684557e-02,8.7265341616334285e-02];
Acel_cv(17,:)=[5.6880080398889243e-01,-9.1193108039488724e+00,-3.7401731322033562e+00];
CAcel_cv(17,:)=[5.2743668048373915e-01,-9.1127014182987907e+00,-4.0921141481132572e+00];
DGiro_cv(17,:)=[4.3690584633105201e-01,5.2572673846307740e+00,4.7380326444039438e-02];
GBias_cv(17,:)=[9.0230371087751541e-04,1.6100080997920842e-04,3.9208793498837135e-03];
dWv_cv(17,:)=[1.6132151798374036e-05,-1.1935706088203976e-04,7.7684114756264574e-05];
dWgv_cv(17,:)=[-4.1911285784954714e-07,-2.6677739293623285e-07,1.9662595978524756e-06];
g_cv(17,:)=[-6.8293020243529534e-01,9.3749963735385329e+00,1.8516035951411075e-01];
VBias_cv(17,:)=[-2.1023607523531564e-09,-5.9538615753904667e-11,-4.7396286452034945e-09];
Av_cv(17,:)=[-1.6247964519386333e-02,-1.2123887539202420e-02,-4.7424890215935238e-03];
As_cv(17,:)=[3.7447764697441299e-01,-9.0383364683258876e+00,-3.7866414047678738e+00];
Posgv_cv(17,:)=[2.0961112557426194e-04,-6.1754753028357259e-05,-9.8935734460784116e-05];
SMM_cv(17,:)=0;
Kp_cv(18,:)=1.0012456343130778e+00;
RKp_cv(18,:)=6.0079091850183646e-04;
Rot_cv(18,:,:)=[9.9999962281426191e-01,-9.3726689244659980e-05,-8.6347359081032223e-04;9.3904902671164772e-05,9.9999997430014198e-01,2.0635305766301954e-04;8.6345422783028409e-04,-2.0643406423308987e-04,9.9999960591580916e-01];
Vel_cv(18,:)=[6.2312507893864172e-03,2.5090141433935722e-05,-9.7427509110655050e-04];
RotGiro_cv(18,:)=[-4.1279883200992266e-03,-1.7269382881853149e-02,1.8761460567034043e-03];
t_cv(18,:)=1.4037152741121433e+09;
dt_cv(18,:)=4.9999713897705078e-02;
i_cv(18,:)=17;
Pose_cv(18,:,:)=[9.9559853371714147e-01,9.3719452032559658e-02,-4.7325573940867178e-04;-9.3675697661907600e-02,9.9526472334522709e-01,2.5942130446508838e-02;2.9022969925581029e-03,-2.5783614472481391e-02,9.9966333427654597e-01];
Pos_cv(18,:)=[5.1993961015679387e-04,-9.0960231614725361e-05,-1.4676162379110921e-04];
K_cv(18,:)=1.3785205161229552e+00;
KLN_cv(18,:)=12315;
Giro_cv(18,:)=[2.4439427168361876e-02,-2.7131529752877442e-03,8.3257330736022622e-02];
Acel_cv(18,:)=[3.6306530182155955e-01,-9.0066571734948049e+00,-3.6265462049406332e+00];
CAcel_cv(18,:)=[3.6611826404723979e-01,-8.9510792475783880e+00,-3.7447016178952164e+00];
DGiro_cv(18,:)=[-2.3248702262555740e-01,1.8853709493007749e+00,8.8083338921740373e-01];
GBias_cv(18,:)=[9.0218370121672691e-04,1.6083980615016715e-04,3.9204538731198099e-03];
dWv_cv(18,:)=[-1.0312197823869616e-04,-3.4856390729060330e-04,-1.0921546161269687e-04];
dWgv_cv(18,:)=[-7.7564359358177927e-07,-1.0405961296571168e-06,-2.7499313302893965e-06];
g_cv(18,:)=[-8.7282774096742521e-01,9.2734261054266067e+00,2.4171702670666262e-01];
VBias_cv(18,:)=[-4.6589231483655598e-09,-1.7846651187762145e-10,-9.0570327830099767e-09];
Av_cv(18,:)=[9.5461584699765775e-03,-7.6372695660655481e-03,-7.0164145761917466e-03];
As_cv(18,:)=[3.5291106879091139e-01,-9.0533545615734283e+00,-3.8053300318895964e+00];
Posgv_cv(18,:)=[5.1994118307737520e-04,-9.0955596130507505e-05,-1.4676091381064893e-04];
SMM_cv(18,:)=0;
Kp_cv(19,:)=9.9869369803523200e-01;
RKp_cv(19,:)=5.8028228948908852e-04;
Rot_cv(19,:,:)=[9.9999914650187194e-01,-3.7356625964068610e-05,-1.3059862213050668e-03;3.7291872244672207e-05,9.9999999807425333e-01,-4.9606553992282515e-05;1.3059880719235343e-03,4.9557808981860999e-05,9.9999914596922479e-01];
Vel_cv(19,:)=[6.8447170190933408e-03,2.3803274755291627e-03,-1.2918429691224035e-03];
RotGiro_cv(19,:)=[9.9148154624707600e-04,-2.6119658255558752e-02,7.4621425353312519e-04];
t_cv(19,:)=1.4037152741621430e+09;
dt_cv(19,:)=5.0000190734863281e-02;
i_cv(19,:)=18;
Pose_cv(19,:,:)=[9.9466106757162021e-01,1.0318477923089533e-01,-1.5039921394978070e-03;-1.0309943032805291e-01,9.9425674662161867e-01,2.8705909904149798e-02;4.4573673076433399e-03,-2.8397590258076297e-02,9.9958676899217658e-01];
Pos_cv(19,:)=[8.7272553771864845e-04,-9.7718114633016894e-06,-2.1318230900177083e-04];
K_cv(19,:)=1.4530262784644845e+00;
KLN_cv(19,:)=12238;
Giro_cv(19,:)=[1.3930984607221452e-02,-1.4053335342536180e-02,8.0235525389808326e-02];
Acel_cv(19,:)=[2.9641109828515511e-01,-9.1073123456134635e+00,-3.6148065834367680e+00];
CAcel_cv(19,:)=[2.7949923121963155e-01,-9.1333855230204986e+00,-3.6847243622565267e+00];
DGiro_cv(19,:)=[2.4763547493784807e-01,9.9336481115968878e-01,-4.3033625627172045e-01];
GBias_cv(19,:)=[9.0220674469134203e-04,1.6076362036001899e-04,3.9202673098003085e-03];
dWv_cv(19,:)=[6.9932561305158610e-05,-2.9487287442297116e-04,-3.1061084351540014e-05];
dWgv_cv(19,:)=[1.6038256409640534e-07,-5.3025303587179651e-07,-1.2984805480879463e-06];
g_cv(19,:)=[-9.5819312609577278e-01,9.2404970343270545e+00,2.6678911281041962e-01];
VBias_cv(19,:)=[-7.9533812887635315e-09,-3.7695667920868326e-10,-1.3426201429475635e-08];
Av_cv(19,:)=[5.4207099521992784e-02,6.4486710691951448e-03,-9.2700677351383615e-03];
As_cv(19,:)=[3.8588232026343239e-01,-9.0592336065527093e+00,-3.7998516338111958e+00];
Posgv_cv(19,:)=[8.7272903005946451e-04,-9.7609514783757580e-06,-2.1318093148241544e-04];
SMM_cv(19,:)=0;
Kp_cv(20,:)=1.0005701301245375e+00;
RKp_cv(20,:)=5.5992221822384906e-04;
Rot_cv(20,:,:)=[9.9999989318073557e-01,2.3707001185510146e-04,3.9678246772220557e-04;-2.3728540400005279e-04,9.9999982448415703e-01,5.4288791810557164e-04;-3.9665369563539977e-04,-5.4298201080283466e-04,9.9999977391816530e-01];
Vel_cv(20,:)=[-2.6869231954178767e-03,-9.9208183387377983e-04,8.7233160448477501e-04];
RotGiro_cv(20,:)=[-1.0858953886918514e-02,7.9343565586781108e-03,-4.7439277818659810e-03];
t_cv(20,:)=1.4037152742121432e+09;
dt_cv(20,:)=4.9999952316284180e-02;
i_cv(20,:)=19;
Pose_cv(20,:,:)=[9.9389626416832078e-01,1.1031552509995195e-01,-8.3725395039307071e-04;-1.1023611859751968e-01,9.9341724434179191e-01,3.1147661243086749e-02;4.2678131178803033e-03,-3.0865248521312536e-02,9.9951444321976080e-01];
Pos_cv(20,:)=[7.3368848056570325e-04,-4.2891269318722908e-05,-1.6863008862569442e-04];
K_cv(20,:)=1.5216848022620419e+00;
KLN_cv(20,:)=12233;
Giro_cv(20,:)=[1.8980971702781759e-02,-2.2919933653154125e-02,7.9141982505058314e-02];
Acel_cv(20,:)=[4.0331948307299348e-01,-9.0339443495704703e+00,-3.6499307390579467e+00];
CAcel_cv(20,:)=[3.9841729631523098e-01,-9.0392699258419995e+00,-3.6759359266780796e+00];
DGiro_cv(20,:)=[2.4260438435565152e-02,3.9101048713228131e-01,-8.4647932727185932e-02];
GBias_cv(20,:)=[9.0216865462465577e-04,1.6072167733289751e-04,3.9203834120108407e-03];
dWv_cv(20,:)=[8.4850393387159371e-06,-1.5374153179073825e-04,3.3866454629412164e-05];
dWgv_cv(20,:)=[-2.8110323811475480e-07,-3.0953793904532907e-07,8.5682988170586990e-07];
g_cv(20,:)=[-1.0216576434794626e+00,9.2068945619510654e+00,2.8867350003218090e-01];
VBias_cv(20,:)=[-1.2187730108207228e-08,-6.6355444700388908e-10,-1.8476735832917460e-08];
Av_cv(20,:)=[-7.6905224931505863e-03,2.2930625747073618e-03,6.1069814427517442e-03];
As_cv(20,:)=[3.2847820548799306e-01,-9.0410399965531969e+00,-3.6598911090099819e+00];
Posgv_cv(20,:)=[7.3369439677530728e-04,-4.2870126314365964e-05,-1.6862789375877112e-04];
SMM_cv(20,:)=0;
Kp_cv(21,:)=1.0030490142684254e+00;
RKp_cv(21,:)=5.4862480109905531e-04;
Rot_cv(21,:,:)=[9.9999999894470049e-01,4.0485906780218771e-06,4.5762508656111683e-05;-4.0626545194335343e-06,9.9999995276697917e-01,3.0732642869981492e-04;-4.5761262255678224e-05,-3.0732661429275329e-04,9.9999995172812817e-01];
Vel_cv(21,:)=[1.8937812098276984e-04,4.0001451416487076e-03,8.9723794222858297e-04];
