Kp_cv(1,:)=1.3545577372364390e+00;
RKp_cv(1,:)=1.4327952819551010e-02;
Rot_cv(1,:,:)=[9.9999972612739763e-01,-7.3963729187846380e-04,2.6111411836303471e-05;7.3962477364269681e-04,9.9999961308756258e-01,4.7621415261570022e-04;-2.6463627479655224e-05,-4.7619470954662207e-04,9.9999988626913106e-01];
Vel_cv(1,:)=[-4.1359916836677764e-03,-1.2563806357480655e-02,-7.6802075513325348e-03];
RotGiro_cv(1,:)=[-9.5240989339383155e-03,5.2575096242192575e-04,1.4792636672089576e-02];
t_cv(1,:)=1.4036371305383191e+09;
dt_cv(1,:)=4.9999952316284180e-02;
i_cv(1,:)=0;
Pose_cv(1,:,:)=[1.0000000000000000e+00,0.0000000000000000e+00,0.0000000000000000e+00;0.0000000000000000e+00,1.0000000000000000e+00,0.0000000000000000e+00;0.0000000000000000e+00,0.0000000000000000e+00,1.0000000000000000e+00];
Pos_cv(1,:)=[0.0000000000000000e+00,0.0000000000000000e+00,0.0000000000000000e+00];
K_cv(1,:)=1.0000000000000000e+00;
KLN_cv(1,:)=16000;
Giro_cv(1,:)=[1.7602437688398104e-02,2.4197695737416254e-03,7.1523162774311769e-02];
Acel_cv(1,:)=[-5.6607618381206903e-01,-9.3748834582804985e+00,-2.4127890743095586e+00];
CAcel_cv(1,:)=[-5.5451781531649669e-01,-9.3471689963434983e+00,-2.3904410948695367e+00];
DGiro_cv(1,:)=[-8.9761191786343919e-01,-5.7674229387825723e-02,5.3576832661459228e-01];
GBias_cv(1,:)=[1.6250345965578177e-03,6.3401546290041590e-05,3.6928409513042396e-03];
dWv_cv(1,:)=[1.6250348409811402e-03,6.3401578726985955e-05,3.6928409800416925e-03];
dWgv_cv(1,:)=[1.6250345965589871e-03,6.3401546290087207e-05,3.6928409513068972e-03];
g_cv(1,:)=[0.0000000000000000e+00,0.0000000000000000e+00,0.0000000000000000e+00];
VBias_cv(1,:)=[0.0000000000000000e+00,0.0000000000000000e+00,0.0000000000000000e+00];
Av_cv(1,:)=[-8.2719912561211556e-02,-2.5127636678543042e-01,-1.5360429751512408e-01];
As_cv(1,:)=[-1.0675213638310957e-01,-2.3791268755563504e+00,-6.0845136709923386e-01];
Posgv_cv(1,:)=[0.0000000000000000e+00,0.0000000000000000e+00,0.0000000000000000e+00];
Kp_cv(2,:)=1.0064327302564362e+00;
RKp_cv(2,:)=5.8421189388582566e-04;
Rot_cv(2,:,:)=[9.9999952152571636e-01,1.0724917778028385e-04,-9.7234045104625918e-04;-1.0660237872221702e-04,9.9999977305541554e-01,6.6522556399639047e-04;9.7241157527362383e-04,-6.6512159189805777e-04,9.9999930601425724e-01];
Vel_cv(2,:)=[2.5302550427717622e-03,-5.1319714330829420e-05,-2.0449959642710311e-03];
RotGiro_cv(2,:)=[-1.3303423913233746e-02,-1.9447450612888471e-02,-2.1385079060396413e-03];
t_cv(2,:)=1.4036371305883191e+09;
dt_cv(2,:)=5.0000190734863281e-02;
i_cv(2,:)=1;
Pose_cv(2,:,:)=[1.0000000000000000e+00,0.0000000000000000e+00,0.0000000000000000e+00;0.0000000000000000e+00,1.0000000000000000e+00,0.0000000000000000e+00;0.0000000000000000e+00,0.0000000000000000e+00,1.0000000000000000e+00];
Pos_cv(2,:)=[0.0000000000000000e+00,0.0000000000000000e+00,0.0000000000000000e+00];
K_cv(2,:)=1.0000000000000000e+00;
KLN_cv(2,:)=16000;
Giro_cv(2,:)=[2.2975535969634371e-02,1.8258084515379090e-03,8.8649807357904273e-02];
Acel_cv(2,:)=[-4.1513588349669162e-01,-9.4783501610220391e+00,-2.4357585200228256e+00];
CAcel_cv(2,:)=[-4.2700854553243828e-01,-9.5165075022254015e+00,-2.4338054683969355e+00];
DGiro_cv(2,:)=[-8.2940124325472750e-02,-3.6131696741536919e-03,-5.7478716820392317e-01];
GBias_cv(2,:)=[9.3408828830346001e-04,1.7907795356122302e-04,3.8801389203956746e-03];
dWv_cv(2,:)=[-1.9331358965654963e-04,-1.9686022804613472e-04,3.0539075850457371e-05];
dWgv_cv(2,:)=[-1.1747194838481696e-05,-1.1767732760613543e-05,2.7605824435700356e-07];
g_cv(2,:)=[0.0000000000000000e+00,0.0000000000000000e+00,0.0000000000000000e+00];
VBias_cv(2,:)=[0.0000000000000000e+00,0.0000000000000000e+00,0.0000000000000000e+00];
Av_cv(2,:)=[1.1784481969611965e-02,-3.1846718402002767e-02,-3.7104944198711680e-02];
As_cv(2,:)=[-2.4464660564518237e-01,-4.7623303061654543e+00,-1.1762503269122855e+00];
Posgv_cv(2,:)=[0.0000000000000000e+00,0.0000000000000000e+00,0.0000000000000000e+00];
Kp_cv(3,:)=1.0002351183011868e+00;
RKp_cv(3,:)=5.6847247182164381e-04;
Rot_cv(3,:,:)=[9.9999896491713103e-01,8.7315911114010990e-04,1.1435723999561676e-03;-8.7246033296041025e-04,9.9999943249836787e-01,-6.1140486535751065e-04;-1.1441056047057248e-03,6.1040651094598298e-04,9.9999915921277482e-01];
Vel_cv(3,:)=[-1.8197096732504678e-03,-5.1650508597401491e-04,3.9605332339482813e-03];
RotGiro_cv(3,:)=[1.2218188651639202e-02,2.2876920265491062e-02,-1.7456301435428718e-02];
t_cv(3,:)=1.4036371306383193e+09;
dt_cv(3,:)=4.9999713897705078e-02;
i_cv(3,:)=2;
Pose_cv(3,:,:)=[1.0000000000000000e+00,0.0000000000000000e+00,0.0000000000000000e+00;0.0000000000000000e+00,1.0000000000000000e+00,0.0000000000000000e+00;0.0000000000000000e+00,0.0000000000000000e+00,1.0000000000000000e+00];
Pos_cv(3,:)=[0.0000000000000000e+00,0.0000000000000000e+00,0.0000000000000000e+00];
K_cv(3,:)=1.0000000000000000e+00;
KLN_cv(3,:)=16000;
Giro_cv(3,:)=[5.2115435087285071e-03,-1.5948205213135124e-02,7.5478434188383819e-02];
Acel_cv(3,:)=[-5.5225662711162327e-01,-9.5167183802321311e+00,-2.3271525104566932e+00];
CAcel_cv(3,:)=[-5.5022590308833086e-01,-9.5343888624083544e+00,-2.2652821018898219e+00];
DGiro_cv(3,:)=[-2.4618579326000681e-01,-8.7044247233241212e-01,-2.4052213542644560e-01];
GBias_cv(3,:)=[9.3403769648405107e-04,1.7844603740095169e-04,3.8802578115644804e-03];
dWv_cv(3,:)=[-4.9255001459843926e-06,-3.9484608989065817e-05,1.8667364552129616e-05];
dWgv_cv(3,:)=[-1.4857967750913911e-07,-1.8558316424066223e-06,3.4916339689413176e-07];
g_cv(3,:)=[0.0000000000000000e+00,0.0000000000000000e+00,0.0000000000000000e+00];
VBias_cv(3,:)=[0.0000000000000000e+00,0.0000000000000000e+00,0.0000000000000000e+00];
Av_cv(3,:)=[-1.2496455111277991e-03,4.5397169826050070e-03,2.0681226269613523e-02];
As_cv(3,:)=[-3.1065210363082196e-01,-7.0755821715143830e+00,-1.8638590458986692e+00];
Posgv_cv(3,:)=[0.0000000000000000e+00,0.0000000000000000e+00,0.0000000000000000e+00];
Kp_cv(4,:)=9.9936417197484251e-01;
RKp_cv(4,:)=6.1396711949013034e-04;
Rot_cv(4,:,:)=[9.9999932052663110e-01,-1.1568970923752861e-03,-1.4330175837417379e-04;1.1568651201981168e-03,9.9999930596832964e-01,-2.2299316734545956e-04;1.4355963906513225e-04,2.2282723502161348e-04,9.9999996486932630e-01];
Vel_cv(4,:)=[-1.3294848238456218e-03,2.0559351459024889e-03,5.6562876039476320e-04];
RotGiro_cv(4,:)=[4.4581880636974554e-03,-2.8686037050105989e-03,2.3137539295107840e-02];
t_cv(4,:)=1.4036371306883190e+09;
dt_cv(4,:)=5.0000190734863281e-02;
i_cv(4,:)=3;
Pose_cv(4,:,:)=[1.0000000000000000e+00,0.0000000000000000e+00,0.0000000000000000e+00;0.0000000000000000e+00,1.0000000000000000e+00,0.0000000000000000e+00;0.0000000000000000e+00,0.0000000000000000e+00,1.0000000000000000e+00];
Pos_cv(4,:)=[0.0000000000000000e+00,0.0000000000000000e+00,0.0000000000000000e+00];
K_cv(4,:)=1.0000000000000000e+00;
KLN_cv(4,:)=16000;
Giro_cv(4,:)=[3.0954244979579337e-02,2.6403498415521188e-02,6.0130059947403482e-02];
Acel_cv(4,:)=[-2.9469836128711380e-01,-9.2962524688767409e+00,-2.7104693683866725e+00];
CAcel_cv(4,:)=[-2.8602580036516739e-01,-9.2492918468334846e+00,-2.7609665951052098e+00];
DGiro_cv(4,:)=[-5.7949640137702985e-01,9.5819863054503795e-01,7.9156596280418734e-01];
GBias_cv(4,:)=[9.3616406411986249e-04,1.7984104721042183e-04,3.8812878742158349e-03];
dWv_cv(4,:)=[1.7494658929477600e-04,1.0051085686207264e-04,1.1031413089915794e-04];
dWgv_cv(4,:)=[8.1404370775635036e-06,5.3405579474230110e-06,3.9434197822053777e-06];
g_cv(4,:)=[0.0000000000000000e+00,0.0000000000000000e+00,0.0000000000000000e+00];
VBias_cv(4,:)=[0.0000000000000000e+00,0.0000000000000000e+00,0.0000000000000000e+00];
Av_cv(4,:)=[-6.8137595434410918e-04,3.2325482913756962e-02,2.5540707617925488e-02];
As_cv(4,:)=[-4.6496589168905011e-01,-9.4758500713650040e+00,-2.4222621048645689e+00];
Posgv_cv(4,:)=[0.0000000000000000e+00,0.0000000000000000e+00,0.0000000000000000e+00];
Kp_cv(5,:)=1.0038308037565982e+00;
RKp_cv(5,:)=5.9235191220261571e-04;
Rot_cv(5,:,:)=[9.9999940215655425e-01,1.0154464574972687e-03,4.0565382540605840e-04;-1.0156228722932072e-03,9.9999938967677093e-01,4.3492098921105415e-04;-4.0521193884831077e-04,-4.3533272049970539e-04,9.9999982314433811e-01];
Vel_cv(5,:)=[2.5350670582204352e-03,4.0805436705956225e-04,7.8958717598382193e-04];
RotGiro_cv(5,:)=[-8.7025474053721609e-03,8.1086672473506573e-03,-2.0310717356176209e-02];
t_cv(5,:)=1.4036371307383192e+09;
dt_cv(5,:)=4.9999952316284180e-02;
i_cv(5,:)=4;
Pose_cv(5,:,:)=[1.0000000000000000e+00,0.0000000000000000e+00,0.0000000000000000e+00;0.0000000000000000e+00,1.0000000000000000e+00,0.0000000000000000e+00;0.0000000000000000e+00,0.0000000000000000e+00,1.0000000000000000e+00];
Pos_cv(5,:)=[0.0000000000000000e+00,0.0000000000000000e+00,0.0000000000000000e+00];
K_cv(5,:)=1.0000000000000000e+00;
KLN_cv(5,:)=16000;
Giro_cv(5,:)=[2.3307086529469161e-02,7.6396317705404687e-04,1.0081395993793349e-01];
Acel_cv(5,:)=[-5.8657458295412368e-01,-9.6100496428102229e+00,-2.2418493380871873e+00];
CAcel_cv(5,:)=[-5.8344371994736599e-01,-9.6008675379459891e+00,-2.2401017916658232e+00];
DGiro_cv(5,:)=[1.3062391083417983e+00,-4.4148654436619988e-01,-2.0531618119126419e-02];
GBias_cv(5,:)=[9.3655490729537471e-04,1.7825912229696368e-04,3.8816034093853294e-03];
dWv_cv(5,:)=[4.4512125765125294e-05,-1.9609632516714371e-04,8.2291857671513795e-05];
dWgv_cv(5,:)=[1.8158579384881747e-06,-7.3496253540331835e-06,1.4659768375077803e-06];
g_cv(5,:)=[0.0000000000000000e+00,0.0000000000000000e+00,0.0000000000000000e+00];
VBias_cv(5,:)=[0.0000000000000000e+00,0.0000000000000000e+00,0.0000000000000000e+00];
Av_cv(5,:)=[1.8898885018663863e-02,5.6102387791126987e-02,3.9114483885147343e-02];
As_cv(5,:)=[-4.4324459913149394e-01,-9.4598940895158918e+00,-2.4580130713809942e+00];
Posgv_cv(5,:)=[0.0000000000000000e+00,0.0000000000000000e+00,0.0000000000000000e+00];
Kp_cv(6,:)=9.9949963957228927e-01;
RKp_cv(6,:)=6.1421723869042183e-04;
Rot_cv(6,:,:)=[9.9999991739169147e-01,2.2633809049492061e-04,-3.3762061424485914e-04;-2.2635571813766801e-04,9.9999997302047594e-01,-5.2174096111901768e-05;3.3760879615072909e-04,5.2250514158483810e-05,9.9999994164509043e-01];
Vel_cv(6,:)=[2.4265424182605169e-04,9.6033292596794874e-04,1.1377940793065874e-04];
RotGiro_cv(6,:)=[1.0442421484651101e-03,-6.7522685350953618e-03,-4.5269209442039948e-03];
t_cv(6,:)=1.4036371307883191e+09;
dt_cv(6,:)=5.0000190734863281e-02;
i_cv(6,:)=5;
Pose_cv(6,:,:)=[1.0000000000000000e+00,0.0000000000000000e+00,0.0000000000000000e+00;0.0000000000000000e+00,1.0000000000000000e+00,0.0000000000000000e+00;0.0000000000000000e+00,0.0000000000000000e+00,1.0000000000000000e+00];
Pos_cv(6,:)=[0.0000000000000000e+00,0.0000000000000000e+00,0.0000000000000000e+00];
K_cv(6,:)=1.0000000000000000e+00;
KLN_cv(6,:)=16000;
Giro_cv(6,:)=[1.0085464790983250e-02,1.1558827129963038e-02,5.7343158142267515e-02];
Acel_cv(6,:)=[-3.6601695870523765e-01,-9.4477264045416334e+00,-2.5196269569506589e+00];
CAcel_cv(6,:)=[-3.7351249837600942e-01,-9.4547425108028786e+00,-2.5622861330761815e+00];
DGiro_cv(6,:)=[4.1533231112917018e-01,5.2219604164028111e-01,-1.5886201627595811e-01];
GBias_cv(6,:)=[9.3699091290118256e-04,1.7785287063134449e-04,3.8820498032742330e-03];
dWv_cv(6,:)=[5.9814448970585556e-05,-6.7641845028236077e-05,8.6695621119906778e-05];
dWgv_cv(6,:)=[2.3457861127887919e-06,-2.1857047313443363e-06,2.4016768855154375e-06];
g_cv(6,:)=[0.0000000000000000e+00,0.0000000000000000e+00,0.0000000000000000e+00];
VBias_cv(6,:)=[0.0000000000000000e+00,0.0000000000000000e+00,0.0000000000000000e+00];
Av_cv(6,:)=[-4.5009470343580131e-04,5.8925269880742452e-03,2.2803968991036319e-03];
As_cv(6,:)=[-4.1821588961076733e-01,-9.4581246281598581e+00,-2.4872880947734282e+00];
Posgv_cv(6,:)=[0.0000000000000000e+00,0.0000000000000000e+00,0.0000000000000000e+00];
Kp_cv(7,:)=1.0024755532171714e+00;
RKp_cv(7,:)=6.1104692802079179e-04;
Rot_cv(7,:,:)=[9.9999987171331950e-01,-4.6579846558414851e-04,-1.9901038467132095e-04;4.6585727440615250e-04,9.9999984780997941e-01,2.9556220747115996e-04;1.9887268196118045e-04,-2.9565487998985059e-04,9.9999993651892194e-01];
Vel_cv(7,:)=[6.5109623192707606e-04,-1.8103515212663387e-03,-2.9070973576184661e-03];
RotGiro_cv(7,:)=[-5.9122050434415735e-03,-3.9788536616001445e-03,9.3166112440639798e-03];
t_cv(7,:)=1.4036371308383193e+09;
dt_cv(7,:)=4.9999713897705078e-02;
i_cv(7,:)=6;
Pose_cv(7,:,:)=[1.0000000000000000e+00,0.0000000000000000e+00,0.0000000000000000e+00;0.0000000000000000e+00,1.0000000000000000e+00,0.0000000000000000e+00;0.0000000000000000e+00,0.0000000000000000e+00,1.0000000000000000e+00];
Pos_cv(7,:)=[0.0000000000000000e+00,0.0000000000000000e+00,0.0000000000000000e+00];
K_cv(7,:)=1.0000000000000000e+00;
KLN_cv(7,:)=16000;
Giro_cv(7,:)=[1.9818209320382203e-02,-3.2426248149631290e-03,7.3153498968169389e-02];
Acel_cv(7,:)=[-4.4392442778443908e-01,-9.5348774280746849e+00,-2.3643485406742184e+00];
CAcel_cv(7,:)=[-4.4380750487666093e-01,-9.5279384540308367e+00,-2.3812401278027395e+00];
DGiro_cv(7,:)=[6.3734550801716236e-02,2.3874854803799758e-01,9.8517800262704194e-02];
GBias_cv(7,:)=[9.3612112885531167e-04,1.7756293307728374e-04,3.8823653445146425e-03];
dWv_cv(7,:)=[-1.5674189484686854e-04,-6.3158209917381594e-05,7.8206186392673746e-05];
dWgv_cv(7,:)=[-5.2420926459387137e-06,-1.7474217044316619e-06,1.9017323020515540e-06];
g_cv(7,:)=[0.0000000000000000e+00,0.0000000000000000e+00,0.0000000000000000e+00];
VBias_cv(7,:)=[0.0000000000000000e+00,0.0000000000000000e+00,0.0000000000000000e+00];
Av_cv(7,:)=[1.3027914026675863e-02,-7.3595727341103853e-03,-2.8377927271321501e-02];
As_cv(7,:)=[-5.0257624163279679e-01,-9.4845496951730155e+00,-2.4032702392884486e+00];
Posgv_cv(7,:)=[0.0000000000000000e+00,0.0000000000000000e+00,0.0000000000000000e+00];
Kp_cv(8,:)=9.9817392417133100e-01;
RKp_cv(8,:)=6.3224713277028712e-04;
Rot_cv(8,:,:)=[9.9999976289795478e-01,-5.8191037001175609e-04,-3.6821781023930387e-04;5.8179850647261582e-04,9.9999978459845906e-01,-3.0383142058415839e-04;3.6839453357901211e-04,3.0361711997305656e-04,9.9999988605104939e-01];
Vel_cv(8,:)=[7.9784734364458292e-04,8.9703177603339896e-04,-8.1940162073289682e-04];
RotGiro_cv(8,:)=[6.0744628068201377e-03,-7.3660960341832057e-03,1.1637045471681345e-02];
t_cv(8,:)=1.4036371308883190e+09;
dt_cv(8,:)=5.0000190734863281e-02;
i_cv(8,:)=7;
Pose_cv(8,:,:)=[1.0000000000000000e+00,0.0000000000000000e+00,0.0000000000000000e+00;0.0000000000000000e+00,1.0000000000000000e+00,0.0000000000000000e+00;0.0000000000000000e+00,0.0000000000000000e+00,1.0000000000000000e+00];
Pos_cv(8,:)=[0.0000000000000000e+00,0.0000000000000000e+00,0.0000000000000000e+00];
K_cv(8,:)=1.0000000000000000e+00;
KLN_cv(8,:)=16000;
Giro_cv(8,:)=[1.2714883678746269e-02,-4.2822837313138425e-04,8.6996987253300809e-02];
Acel_cv(8,:)=[-6.2373729800616218e-01,-9.3948664299959344e+00,-2.4479906012740491e+00];
CAcel_cv(8,:)=[-6.0814573240371528e-01,-9.3573494407052848e+00,-2.4181832915751795e+00];
DGiro_cv(8,:)=[-4.5859453421488028e-01,-3.1141625899883191e-01,6.3184525571733852e-01];
GBias_cv(8,:)=[9.3666148436213155e-04,1.7719484099726988e-04,3.8817787823469379e-03];
dWv_cv(8,:)=[8.4152838192874907e-05,-4.0102933959371392e-05,-1.1783821999195298e-04];
dWgv_cv(8,:)=[3.5593437120798021e-06,-2.4246375098021851e-06,-3.8637088676138558e-06];
g_cv(8,:)=[0.0000000000000000e+00,0.0000000000000000e+00,0.0000000000000000e+00];
VBias_cv(8,:)=[0.0000000000000000e+00,0.0000000000000000e+00,0.0000000000000000e+00];
Av_cv(8,:)=[4.7355013020011346e-03,-9.0689783826920084e-03,-1.2933958745268788e-02];
As_cv(8,:)=[-4.3666880260173135e-01,-9.4719016077080660e+00,-2.4591570399085625e+00];
Posgv_cv(8,:)=[0.0000000000000000e+00,0.0000000000000000e+00,0.0000000000000000e+00];
Kp_cv(9,:)=1.0017601014738373e+00;
RKp_cv(9,:)=6.5267804002311662e-04;
Rot_cv(9,:,:)=[9.9999961827008066e-01,8.4416239298591288e-04,2.2549844187735144e-04;-8.4416594594997538e-04,9.9999964356922555e-01,1.5661332695226577e-05;-2.2548514079466026e-04,-1.5851684822320987e-05,9.9999997445258737e-01];
Vel_cv(9,:)=[1.0421331124493463e-03,-1.2506998890707816e-05,7.1436318872439026e-04];
RotGiro_cv(9,:)=[-3.1513051581864561e-04,4.5098407016726993e-03,-1.6883301639513772e-02];
t_cv(9,:)=1.4036371309383192e+09;
dt_cv(9,:)=4.9999952316284180e-02;
i_cv(9,:)=8;
Pose_cv(9,:,:)=[1.0000000000000000e+00,0.0000000000000000e+00,0.0000000000000000e+00;0.0000000000000000e+00,1.0000000000000000e+00,0.0000000000000000e+00;0.0000000000000000e+00,0.0000000000000000e+00,1.0000000000000000e+00];
Pos_cv(9,:)=[0.0000000000000000e+00,0.0000000000000000e+00,0.0000000000000000e+00];
K_cv(9,:)=1.0000000000000000e+00;
KLN_cv(9,:)=16000;
Giro_cv(9,:)=[2.4862379445472781e-02,-3.8691866118707027e-03,8.9208712971829432e-02];
Acel_cv(9,:)=[-2.6293108796570763e-01,-9.4630686541252338e+00,-2.4498765755795482e+00];
CAcel_cv(9,:)=[-2.9345767070666451e-01,-9.5478062218425421e+00,-2.4792292100324409e+00];
DGiro_cv(9,:)=[-2.6879130418392944e-01,5.3536910670019966e-01,-1.2660054757667698e+00];
GBias_cv(9,:)=[9.3668367204380949e-04,1.7686430535238546e-04,3.8815274346386841e-03];
dWv_cv(9,:)=[-2.7358350631402186e-06,-5.7179022228552403e-05,-5.1453316121160943e-05];
dWgv_cv(9,:)=[1.5675976505733341e-07,-2.3352908513515355e-06,-1.7758145382417663e-06];
g_cv(9,:)=[0.0000000000000000e+00,0.0000000000000000e+00,0.0000000000000000e+00];
VBias_cv(9,:)=[0.0000000000000000e+00,0.0000000000000000e+00,0.0000000000000000e+00];
Av_cv(9,:)=[-4.8650752562731138e-03,-1.8077297006632680e-03,-2.1597432449311630e-03];
As_cv(9,:)=[-4.3774429567679468e-01,-9.4776208125533703e+00,-2.4384835290134896e+00];
Posgv_cv(9,:)=[0.0000000000000000e+00,0.0000000000000000e+00,0.0000000000000000e+00];
Kp_cv(10,:)=1.0068427470764516e+00;
RKp_cv(10,:)=6.5838445178349790e-04;
Rot_cv(10,:,:)=[9.9999982271827770e-01,4.4829491692407168e-04,3.9191208279984723e-04;-4.4843349974771899e-04,9.9999983694053352e-01,3.5359058675474693e-04;-3.9175350603215146e-04,-3.5376627057648048e-04,9.9999986068929825e-01];
Vel_cv(10,:)=[2.9440947365019536e-03,-1.3944488839559774e-03,-1.3013172068797858e-04];
RotGiro_cv(10,:)=[-7.0735758846750792e-03,7.8366639884230836e-03,-8.9672934354578741e-03];
t_cv(10,:)=1.4036371309883192e+09;
dt_cv(10,:)=4.9999952316284180e-02;
i_cv(10,:)=9;
Pose_cv(10,:,:)=[1.0000000000000000e+00,0.0000000000000000e+00,0.0000000000000000e+00;0.0000000000000000e+00,1.0000000000000000e+00,0.0000000000000000e+00;0.0000000000000000e+00,0.0000000000000000e+00,1.0000000000000000e+00];
Pos_cv(10,:)=[0.0000000000000000e+00,0.0000000000000000e+00,0.0000000000000000e+00];
K_cv(10,:)=1.0000000000000000e+00;
KLN_cv(10,:)=16000;
Giro_cv(10,:)=[1.8433367203607547e-02,7.9963591344088432e-03,6.0714438362712911e-02];
Acel_cv(10,:)=[-4.1214333941914782e-01,-9.4808385082953315e+00,-2.4552919693523556e+00];
CAcel_cv(10,:)=[-4.1354154112305935e-01,-9.4764371867509478e+00,-2.4779287468627049e+00];
DGiro_cv(10,:)=[-6.9884485433457030e-03,3.4928651883401707e-01,6.8344248224397469e-02];
GBias_cv(10,:)=[9.3636412555914638e-04,1.7610618143501709e-04,3.8813149467861008e-03];
dWv_cv(10,:)=[-1.1031564997883474e-04,-1.9927915164325743e-04,-4.6872107688758208e-05];
dWgv_cv(10,:)=[-2.3864444678080307e-06,-5.6618386223975620e-06,-1.5869067087626835e-06];
g_cv(10,:)=[0.0000000000000000e+00,0.0000000000000000e+00,0.0000000000000000e+00];
VBias_cv(10,:)=[0.0000000000000000e+00,0.0000000000000000e+00,0.0000000000000000e+00];
Av_cv(10,:)=[1.1584233187439336e-02,-5.8243753155324905e-03,6.2665825678659692e-03];
As_cv(10,:)=[-4.5759455487563494e-01,-9.4626580903164488e+00,-2.4144542692420177e+00];
Posgv_cv(10,:)=[0.0000000000000000e+00,0.0000000000000000e+00,0.0000000000000000e+00];
Kp_cv(11,:)=1.0000435747409608e+00;
RKp_cv(11,:)=6.4848031991894810e-04;
Rot_cv(11,:,:)=[9.9999914517719724e-01,1.3069220172130377e-03,-3.9996440602325466e-05;-1.3069301050025743e-03,9.9999912539055957e-01,-2.0285910683205194e-04;3.9731284587970929e-05,2.0291120597578201e-04,9.9999997862423329e-01];
Vel_cv(11,:)=[8.6253832573164959e-04,1.5406557833564136e-04,2.1931641339379177e-03];
RotGiro_cv(11,:)=[4.0577081818539773e-03,-7.9727824489318722e-04,-2.6138553777081592e-02];
t_cv(11,:)=1.4036371310383191e+09;
dt_cv(11,:)=4.9999952316284180e-02;
i_cv(11,:)=10;
Pose_cv(11,:,:)=[1.0000000000000000e+00,0.0000000000000000e+00,0.0000000000000000e+00;0.0000000000000000e+00,1.0000000000000000e+00,0.0000000000000000e+00;0.0000000000000000e+00,0.0000000000000000e+00,1.0000000000000000e+00];
Pos_cv(11,:)=[0.0000000000000000e+00,0.0000000000000000e+00,0.0000000000000000e+00];
K_cv(11,:)=1.0000000000000000e+00;
KLN_cv(11,:)=16000;
Giro_cv(11,:)=[1.1615289993960528e-02,1.1279189724872837e-02,6.8627387711139770e-02];
Acel_cv(11,:)=[-5.4686565254557729e-01,-9.4578796762068542e+00,-2.3484895511237296e+00];
CAcel_cv(11,:)=[-5.4157811282180524e-01,-9.4700071906993895e+00,-2.2744963629834758e+00];
DGiro_cv(11,:)=[-4.2863064305043364e-01,-9.9838840792303118e-01,-1.3300641020705500e-01];
GBias_cv(11,:)=[9.3648238706434475e-04,1.7569788251714773e-04,3.8813053400438015e-03];
dWv_cv(11,:)=[1.8321647517466894e-05,-1.0528350583657967e-04,1.5560291646439841e-05];
dWgv_cv(11,:)=[9.2296282724712285e-07,-3.1865375209510902e-06,-7.4975081861209576e-08];
g_cv(11,:)=[0.0000000000000000e+00,0.0000000000000000e+00,0.0000000000000000e+00];
VBias_cv(11,:)=[0.0000000000000000e+00,0.0000000000000000e+00,0.0000000000000000e+00];
Av_cv(11,:)=[5.1285776592700505e-03,3.2742689162431238e-03,2.1777161543992955e-02];
As_cv(11,:)=[-3.9281127333513965e-01,-9.4720321773942331e+00,-2.4534883191089327e+00];
Posgv_cv(11,:)=[0.0000000000000000e+00,0.0000000000000000e+00,0.0000000000000000e+00];
Kp_cv(12,:)=1.0241346856052960e+00;
RKp_cv(12,:)=6.4468367777191287e-04;
Rot_cv(12,:,:)=[9.9999592621395961e-01,-2.7666051778688517e-03,-7.0246087022117520e-04;2.7665658566203661e-03,9.9999617142815800e-01,-5.6941960569848234e-05;7.0261571672224142e-04,5.4998324341322806e-05,9.9999975165313859e-01];
Vel_cv(12,:)=[-1.5558235589411896e-03,-9.8761511208913513e-04,-4.5334114498732829e-03];
RotGiro_cv(12,:)=[1.1194000995953322e-03,-1.4050731357452563e-02,5.5331574437214641e-02];
t_cv(12,:)=1.4036371310883191e+09;
dt_cv(12,:)=5.0000190734863281e-02;
i_cv(12,:)=11;
Pose_cv(12,:,:)=[1.0000000000000000e+00,0.0000000000000000e+00,0.0000000000000000e+00;0.0000000000000000e+00,1.0000000000000000e+00,0.0000000000000000e+00;0.0000000000000000e+00,0.0000000000000000e+00,1.0000000000000000e+00];
Pos_cv(12,:)=[0.0000000000000000e+00,0.0000000000000000e+00,0.0000000000000000e+00];
K_cv(12,:)=1.0000000000000000e+00;
KLN_cv(12,:)=16000;
Giro_cv(12,:)=[2.2801768667120366e-02,2.6468508037726999e-03,5.1489030489761944e-02];
Acel_cv(12,:)=[-3.7100610958179653e-01,-9.3768512500660250e+00,-2.5576268205885206e+00];
CAcel_cv(12,:)=[-3.7871205157941246e-01,-9.3920660924840949e+00,-2.5809128320841577e+00];
DGiro_cv(12,:)=[-5.2031741816561938e-01,5.2220768403780637e-01,-1.6901871658632711e-01];
GBias_cv(12,:)=[9.3609953259546298e-04,1.7564746057362551e-04,3.8820816197658722e-03];
dWv_cv(12,:)=[-1.0421216387958797e-04,-6.1984496515112223e-05,2.6369641503210287e-04];
dWgv_cv(12,:)=[-3.0943836357415189e-06,-4.0753040541263542e-07,6.2742045972442992e-06];
g_cv(12,:)=[0.0000000000000000e+00,0.0000000000000000e+00,0.0000000000000000e+00];
VBias_cv(12,:)=[0.0000000000000000e+00,0.0000000000000000e+00,0.0000000000000000e+00];
Av_cv(12,:)=[-9.7706232295812490e-03,-7.2075611862084995e-03,-1.1898960229867587e-02];
As_cv(12,:)=[-5.0697266149513198e-01,-9.4293919718140309e+00,-2.4034424024585088e+00];
Posgv_cv(12,:)=[0.0000000000000000e+00,0.0000000000000000e+00,0.0000000000000000e+00];
Kp_cv(13,:)=1.0033975648297395e+00;
RKp_cv(13,:)=6.1231834853821905e-04;
Rot_cv(13,:,:)=[9.9999992695671835e-01,2.7707401159610459e-04,-2.6328036369207902e-04;-2.7698086267581069e-04,9.9999989906352993e-01,3.5377186398422066e-04;2.6337835810703153e-04,-3.5369891452130189e-04,9.9999990276445450e-01];
Vel_cv(13,:)=[-3.9918588974519455e-04,1.7102659958824382e-03,-1.7837636411961036e-03];
RotGiro_cv(13,:)=[-7.0747485868862042e-03,-5.2666175918818876e-03,-5.5405806966231314e-03];
t_cv(13,:)=1.4036371311383193e+09;
dt_cv(13,:)=4.9999713897705078e-02;
i_cv(13,:)=12;
Pose_cv(13,:,:)=[1.0000000000000000e+00,0.0000000000000000e+00,0.0000000000000000e+00;0.0000000000000000e+00,1.0000000000000000e+00,0.0000000000000000e+00;0.0000000000000000e+00,0.0000000000000000e+00,1.0000000000000000e+00];
Pos_cv(13,:)=[0.0000000000000000e+00,0.0000000000000000e+00,0.0000000000000000e+00];
K_cv(13,:)=1.0000000000000000e+00;
KLN_cv(13,:)=16000;
Giro_cv(13,:)=[1.9712274794238878e-02,-1.0536701595555359e-02,1.3309820402941797e-01];
Acel_cv(13,:)=[-6.7543032096251454e-01,-9.4566235725505781e+00,-2.3730640303128725e+00];
CAcel_cv(13,:)=[-6.4030048420880858e-01,-9.3808732353966526e+00,-2.2833321675848142e+00];
DGiro_cv(13,:)=[2.5817629132869901e-01,-1.4577356517593913e+00,1.1295238174335096e+00];
GBias_cv(13,:)=[9.3614069325061210e-04,1.7599135758522422e-04,3.8816464401144985e-03];
dWv_cv(13,:)=[2.8713740535765119e-05,1.2524339567891911e-04,-1.5648533902717519e-04];
dWgv_cv(13,:)=[3.4206865741141835e-07,2.8579814538716773e-06,-3.6165925575976506e-06];
g_cv(13,:)=[0.0000000000000000e+00,0.0000000000000000e+00,0.0000000000000000e+00];
VBias_cv(13,:)=[0.0000000000000000e+00,0.0000000000000000e+00,0.0000000000000000e+00];
Av_cv(13,:)=[-1.4765122891084961e-02,7.7183742139435504e-03,-1.8790208737796636e-02];
As_cv(13,:)=[-4.3653063318707419e-01,-9.4814308789794843e+00,-2.4099903826726279e+00];
Posgv_cv(13,:)=[0.0000000000000000e+00,0.0000000000000000e+00,0.0000000000000000e+00];
Kp_cv(14,:)=1.0030172755704341e+00;
RKp_cv(14,:)=6.3417039922546408e-04;
Rot_cv(14,:,:)=[9.9999999860839339e-01,-5.0323649772360841e-05,1.5834880835681491e-05;5.0324122092738346e-05,9.9999999828886066e-01,-2.9828860687251443e-05;-1.5833379711434677e-05,2.9829657522219880e-05,9.9999999942974838e-01];
Vel_cv(14,:)=[5.2023306191728818e-05,-9.3808778261497228e-04,9.4253910816431566e-04];
RotGiro_cv(14,:)=[5.9658290667672015e-04,3.1668139762149045e-04,1.0064738798739419e-03];
t_cv(14,:)=1.4036371311883190e+09;
dt_cv(14,:)=5.0000190734863281e-02;
i_cv(14,:)=13;
Pose_cv(14,:,:)=[1.0000000000000000e+00,0.0000000000000000e+00,0.0000000000000000e+00;0.0000000000000000e+00,1.0000000000000000e+00,0.0000000000000000e+00;0.0000000000000000e+00,0.0000000000000000e+00,1.0000000000000000e+00];
Pos_cv(14,:)=[0.0000000000000000e+00,0.0000000000000000e+00,0.0000000000000000e+00];
K_cv(14,:)=1.0000000000000000e+00;
KLN_cv(14,:)=16000;
Giro_cv(14,:)=[1.1652169553929580e-02,-1.6929715529779073e-03,7.2029250465599354e-02];
Acel_cv(14,:)=[-9.1399978791339986e-02,-9.5461107577656179e+00,-2.3952745402616289e+00];
CAcel_cv(14,:)=[-1.4816913861267289e-01,-9.6860154569598436e+00,-2.4953079243640843e+00];
DGiro_cv(14,:)=[3.5632806674764061e-01,1.4205916057771710e+00,-2.1890280751658118e+00];
GBias_cv(14,:)=[9.3600141745623603e-04,1.7582627212771415e-04,3.8824081280986384e-03];
dWv_cv(14,:)=[-5.8782761575204756e-05,-8.8360317284342857e-05,2.3778323163224234e-04];
dWgv_cv(14,:)=[-1.1833910424572435e-06,-1.4026891932843341e-06,6.4718692980112571e-06];
g_cv(14,:)=[0.0000000000000000e+00,0.0000000000000000e+00,0.0000000000000000e+00];
VBias_cv(14,:)=[0.0000000000000000e+00,0.0000000000000000e+00,0.0000000000000000e+00];
Av_cv(14,:)=[-1.4089051184592718e-02,4.9578005140954494e-03,-3.6497201274635085e-03];
As_cv(14,:)=[-4.4505109744214616e-01,-9.4528662882522756e+00,-2.4425477722490414e+00];
Posgv_cv(14,:)=[0.0000000000000000e+00,0.0000000000000000e+00,0.0000000000000000e+00];
Kp_cv(15,:)=1.0013511277634097e+00;
RKp_cv(15,:)=6.7139012644701942e-04;
Rot_cv(15,:,:)=[9.9999986909607419e-01,-5.0415165545371246e-04,8.7401044980938935e-05;5.0416442722157385e-04,9.9999986222657467e-01,-1.4616792583013676e-04;-8.7327342137616970e-05,1.4621197119396226e-04,9.9999998549799751e-01];
Vel_cv(15,:)=[-1.3109829207248417e-03,-1.6127961503789175e-04,3.2613667043429395e-04];
RotGiro_cv(15,:)=[2.9238018965890293e-03,1.7472856199927606e-03,1.0083170918704530e-02];
t_cv(15,:)=1.4036371312383192e+09;
dt_cv(15,:)=4.9999952316284180e-02;
i_cv(15,:)=14;
Pose_cv(15,:,:)=[1.0000000000000000e+00,0.0000000000000000e+00,0.0000000000000000e+00;0.0000000000000000e+00,1.0000000000000000e+00,0.0000000000000000e+00;0.0000000000000000e+00,0.0000000000000000e+00,1.0000000000000000e+00];
Pos_cv(15,:)=[0.0000000000000000e+00,0.0000000000000000e+00,0.0000000000000000e+00];
K_cv(15,:)=1.0000000000000000e+00;
KLN_cv(15,:)=16000;
Giro_cv(15,:)=[1.9288510394970027e-02,3.8247268932080055e-03,7.8770072299686078e-02];
Acel_cv(15,:)=[-6.2085515085245735e-01,-9.4478905808679592e+00,-2.4338195848490862e+00];
CAcel_cv(15,:)=[-5.8783029752434335e-01,-9.3547244615636664e+00,-2.4059046826568933e+00];
DGiro_cv(15,:)=[-1.7138776174141931e-01,-3.7358163415842832e-01,1.4495915662909935e+00];
GBias_cv(15,:)=[9.3622001585152916e-04,1.7600052813563819e-04,3.8822164604333954e-03];
dWv_cv(15,:)=[6.6927653633022874e-05,7.3533450559773033e-05,-7.6309494919004248e-05];
dWgv_cv(15,:)=[1.8904191260077756e-06,1.5069501757304422e-06,-1.6575246114088897e-06];
g_cv(15,:)=[0.0000000000000000e+00,0.0000000000000000e+00,0.0000000000000000e+00];
VBias_cv(15,:)=[0.0000000000000000e+00,0.0000000000000000e+00,0.0000000000000000e+00];
Av_cv(15,:)=[-5.4869375702384371e-03,-1.1530118245041288e-03,3.4868159258448217e-03];
As_cv(15,:)=[-4.1993765173305925e-01,-9.4906539669663097e+00,-2.4161403817425620e+00];
Posgv_cv(15,:)=[0.0000000000000000e+00,0.0000000000000000e+00,0.0000000000000000e+00];
Kp_cv(16,:)=1.0025621351692346e+00;
RKp_cv(16,:)=6.9251757883303101e-04;
Rot_cv(16,:,:)=[9.9999983430822470e-01,5.6003121451845032e-04,1.3322372836145830e-04;-5.6004261492187900e-04,9.9999983951659543e-01,8.5551461668801124e-05;-1.3317579549227120e-04,-8.5626058458827375e-05,9.9999998746619290e-01];
Vel_cv(16,:)=[2.9702549230628868e-03,-1.0925703223904963e-04,6.6972114232230929e-04];
RotGiro_cv(16,:)=[-1.7117687680738797e-03,2.6639852266267189e-03,-1.1200696199226094e-02];
t_cv(16,:)=1.4036371312883191e+09;
dt_cv(16,:)=5.0000190734863281e-02;
i_cv(16,:)=15;
Pose_cv(16,:,:)=[9.9505488548238952e-01,-9.9306155251572395e-02,-2.0155413118382454e-03;9.9326533214944682e-02,9.9482450834639835e-01,2.1411151133172570e-02;-1.2114920394431833e-04,-2.1505467269921558e-02,9.9976872335574329e-01];
Pos_cv(16,:)=[1.4825390141428880e-04,1.0033690848502495e-05,3.3577929637845491e-05];
K_cv(16,:)=1.0668385877095266e+00;
KLN_cv(16,:)=16000;
Giro_cv(16,:)=[2.1690956888205420e-02,5.2938339583771584e-03,8.7695776610912241e-02];
Acel_cv(16,:)=[-2.6921897255159716e-01,-9.4868477403681588e+00,-2.4458618572843869e+00];
CAcel_cv(16,:)=[-2.9086280941187437e-01,-9.5411772065997287e+00,-2.4814573002076128e+00];
DGiro_cv(16,:)=[1.4008845229258146e-01,5.0127658609248615e-01,-8.5028134161715829e-01];
GBias_cv(16,:)=[9.3608347797551961e-04,1.7558162413777034e-04,3.8824236297234395e-03];
dWv_cv(16,:)=[-7.2037587246579328e-05,-1.7043867604573729e-04,9.8446327075423859e-05];
dWgv_cv(16,:)=[-1.1974592125404136e-06,-3.6738556807618094e-06,1.8169081149429989e-06];
g_cv(16,:)=[9.7260337904488636e-01,9.7413012118376638e+00,2.0965755339813993e-01];
VBias_cv(16,:)=[-2.2511241033007816e-15,-2.1627362586364832e-18,1.0543473084298381e-14];
Av_cv(16,:)=[1.5535003829837255e-02,-2.0650962436923352e-04,2.4865464744689775e-02];
As_cv(16,:)=[-3.8665272369871229e-01,-9.4940186037049195e+00,-2.4406213731510427e+00];
Posgv_cv(16,:)=[1.4825390141649198e-04,1.0033690849707216e-05,3.3577929637913267e-05];
Kp_cv(17,:)=1.0013972673219771e+00;
RKp_cv(17,:)=6.9169244361168519e-04;
Rot_cv(17,:,:)=[9.9999991933492716e-01,-3.4663171247288220e-04,-2.0292016855546718e-04;3.4669003601812937e-04,9.9999989858736948e-01,2.8745655357849539e-04;2.0282050641937273e-04,-2.8752688079133676e-04,9.9999993809606558e-01];
Vel_cv(17,:)=[2.5102512804626338e-03,-1.6846434065899020e-04,-2.6812014490158287e-03];
RotGiro_cv(17,:)=[-5.7498775066188819e-03,-4.0574295978322537e-03,6.9332815172998353e-03];
t_cv(17,:)=1.4036371313383193e+09;
dt_cv(17,:)=4.9999713897705078e-02;
i_cv(17,:)=16;
Pose_cv(17,:,:)=[9.9384317980494252e-01,-1.1076733011681550e-01,-2.5164526605796749e-03;1.1079576951805034e-01,9.9354920254726675e-01,2.4171875694560290e-02;-1.7723460043514395e-04,-2.4301866111116274e-02,9.9970465032999312e-01];
Pos_cv(17,:)=[2.7426314408564680e-04,1.2330335988073398e-05,-1.0025942704428495e-04];
K_cv(17,:)=1.1328148506810134e+00;
KLN_cv(17,:)=16000;
Giro_cv(17,:)=[1.6986175351593774e-02,6.1135399284918783e-03,6.6480659470244702e-02];
Acel_cv(17,:)=[-5.5290439049248108e-01,-9.4542356158388294e+00,-2.4336787530174107e+00];
CAcel_cv(17,:)=[-5.2711938757877985e-01,-9.3938036753358176e+00,-2.3802377721097239e+00];
DGiro_cv(17,:)=[-8.2063113344710475e-02,-7.9330638293390476e-01,9.3667894751576264e-01];
GBias_cv(17,:)=[9.3586627298538510e-04,1.7522480564539897e-04,3.8822924729511941e-03];
dWv_cv(17,:)=[-7.9084048120980877e-05,-1.3677605560283908e-04,-1.2751146500380438e-05];
dWgv_cv(17,:)=[-1.9263290860386140e-06,-3.1645214037940220e-06,-1.1631919922779758e-06];
g_cv(17,:)=[1.0790743114295860e+00,9.6764833736313598e+00,2.3541738312327737e-01];
VBias_cv(17,:)=[-5.0212812818455233e-10,2.6654177979510879e-11,1.2060064767805443e-09];
Av_cv(17,:)=[1.5922981743625358e-02,-5.7683544274520649e-03,-2.9639252468008424e-03];
As_cv(17,:)=[-4.9335018691365967e-01,-9.4345313498683367e+00,-2.4099515212194853e+00];
Posgv_cv(17,:)=[2.7426335920241636e-04,1.2330574849028964e-05,-1.0025932766398205e-04];
Kp_cv(18,:)=1.0291125388681406e+00;
RKp_cv(18,:)=6.9566120277166684e-04;
Rot_cv(18,:,:)=[9.9999975200357138e-01,-1.0038447938003317e-04,-6.9707657539328362e-04;1.0014983332934384e-04,9.9999993832135425e-01,-3.3664120154627050e-04;6.9711032595030659e-04,3.3657130595761235e-04,9.9999970037842978e-01];
Vel_cv(18,:)=[5.3311185925017446e-05,-2.4984947143499663e-03,3.8968410386974609e-03];
RotGiro_cv(18,:)=[6.7320786670018286e-03,-1.3941815071702283e-02,2.0053434239267250e-03];
t_cv(18,:)=1.4036371313883190e+09;
dt_cv(18,:)=5.0000190734863281e-02;
i_cv(18,:)=17;
Pose_cv(18,:,:)=[9.9402144671362591e-01,-1.0914008202104020e-01,-3.1314485132826033e-03;1.0918351045157892e-01,9.9374865739996399e-01,2.3293066806218038e-02;5.6966553403945287e-04,-2.3495710506592563e-02,9.9972377538446588e-01];
Pos_cv(18,:)=[2.8993703073509669e-04,-1.0698501856376194e-04,9.7465781885580779e-05];
K_cv(18,:)=1.1899501045473657e+00;
KLN_cv(18,:)=15939;
Giro_cv(18,:)=[1.2919502650216541e-02,-5.7492637030555837e-04,8.4558523960222121e-02];
Acel_cv(18,:)=[-5.6670077620815262e-01,-9.4437258341344741e+00,-2.4120015068068774e+00];
CAcel_cv(18,:)=[-5.6303370861327062e-01,-9.4508703013367548e+00,-2.3639404247170912e+00];
DGiro_cv(18,:)=[-7.4638373655801793e-01,-4.9991901537874117e-01,-1.7365722101966938e-02];
GBias_cv(18,:)=[9.3586854678813839e-04,1.7472572567867541e-04,3.8816317884604362e-03];
dWv_cv(18,:)=[-1.8006011822945580e-05,-2.3729338536491301e-04,-2.2836553199716004e-04];
dWgv_cv(18,:)=[2.0345891323105923e-08,-4.4657465340156658e-06,-5.9117770125083586e-06];
g_cv(18,:)=[1.0622901955400701e+00,9.6685795430185681e+00,2.2662759596174398e-01];
VBias_cv(18,:)=[-1.0723812755823231e-09,1.0901044096476127e-10,3.8821667511389817e-10];
Av_cv(18,:)=[7.0200043407827959e-03,-4.6232233058318322e-03,3.9378137329978665e-03];
As_cv(18,:)=[-4.5007612890944787e-01,-9.4685400555877504e+00,-2.4028594242049528e+00];
Posgv_cv(18,:)=[2.8993720014991486e-04,-1.0698416464049342e-04,9.7466372263605919e-05];
Kp_cv(19,:)=1.0032301718001768e+00;
RKp_cv(19,:)=6.6518195698538854e-04;
Rot_cv(19,:,:)=[9.9999987740014651e-01,4.9512245170392792e-04,-7.3109631949521363e-06;-4.9512169016746740e-04,9.9999987203996477e-01,1.0380060762856380e-04;7.3623562707717868e-06,-1.0379697508617179e-04,9.9999999458599187e-01];
Vel_cv(19,:)=[4.0689331465452495e-04,1.6290012918980482e-03,-8.2287036416893889e-04];
RotGiro_cv(19,:)=[-2.0760176751335796e-03,-1.4672827880722689e-04,-9.9024813080540453e-03];
t_cv(19,:)=1.4036371314383192e+09;
dt_cv(19,:)=4.9999952316284180e-02;
i_cv(19,:)=18;
Pose_cv(19,:,:)=[9.9425449358908835e-01,-1.0699679265516480e-01,-3.1126097431323461e-03;1.0703988395248905e-01,9.9399916872199257e-01,2.2541424609491718e-02;6.8207136213570556e-04,-2.2745086095581079e-02,9.9974106439475707e-01];
Pos_cv(19,:)=[3.0157863809065864e-04,-2.4774660195906085e-05,5.4493139784628271e-05];
K_cv(19,:)=1.2753581429681764e+00;
KLN_cv(19,:)=15137;
Giro_cv(19,:)=[2.5420434164278617e-02,-1.0533963506391948e-02,7.9540819980805380e-02];
Acel_cv(19,:)=[-3.9589377530329861e-01,-9.4354741391552110e+00,-2.4141685493805065e+00];
CAcel_cv(19,:)=[-4.0952822114183696e-01,-9.4877483272576733e+00,-2.3901907970789384e+00];
DGiro_cv(19,:)=[-5.0872559903154091e-01,-2.0612211313101245e-01,-7.3864545424481154e-01];
GBias_cv(19,:)=[9.3588640860058547e-04,1.7463150604652734e-04,3.8820599502373599e-03];
dWv_cv(19,:)=[-6.6742965078095203e-06,-6.5560584342540680e-05,1.5498752883740869e-04];
dWgv_cv(19,:)=[1.6096247485599223e-07,-8.4906418178669491e-07,3.8583978785294518e-06];
g_cv(19,:)=[1.0319740170567229e+00,9.5831691629298046e+00,2.1732240026309849e-01];
VBias_cv(19,:)=[-1.9930421846532046e-09,2.5319836903568214e-10,-1.5041267808840834e-09];
Av_cv(19,:)=[1.0409551616733638e-03,1.7623060958967590e-03,1.4093685903832308e-03];
As_cv(19,:)=[-4.5418932391009958e-01,-9.4399478054286199e+00,-2.4160399546670934e+00];
Posgv_cv(19,:)=[3.0157813241600898e-04,-2.4772689398636796e-05,5.4494836340004145e-05];
Kp_cv(20,:)=1.0026718542821160e+00;
RKp_cv(20,:)=6.8731052758176073e-04;
Rot_cv(20,:,:)=[9.9999969436090941e-01,7.4410145653088210e-05,7.7829378655070445e-04;-7.4445360316970904e-05,9.9999999620665070e-01,4.5217106115369012e-05;-7.7829041898689992e-04,-4.5275032656624200e-05,9.9999969610705164e-01];
Vel_cv(20,:)=[2.0625414678917871e-03,1.8974295789324987e-03,-3.3297730990425674e-03];
RotGiro_cv(20,:)=[-9.0518929638115728e-04,1.5565891056471036e-02,-1.4886814290906338e-03];
t_cv(20,:)=1.4036371314883192e+09;
dt_cv(20,:)=4.9999952316284180e-02;
i_cv(20,:)=19;
Pose_cv(20,:,:)=[9.9570914000817434e-01,-9.2528943865036739e-02,-1.3050101160805901e-03;9.2384450357833353e-02,9.9314406895064988e-01,7.1623820340914704e-02;-5.3312133950179424e-03,-7.1437055198037697e-02,9.9743086242023282e-01];
Pos_cv(20,:)=[3.9570568695068730e-04,6.7041275702834122e-05,-1.1890279314262434e-04];
K_cv(20,:)=1.2617478447212527e+00;
KLN_cv(20,:)=14719;
Giro_cv(20,:)=[1.6644587970142653e-02,3.3211034861805057e-03,6.7809245149688391e-02];
Acel_cv(20,:)=[-3.2878256957564789e-01,-9.4609750441208753e+00,-2.4973622016662986e+00];
CAcel_cv(20,:)=[-3.2211656109277254e-01,-9.4267470469470833e+00,-2.5313752565925860e+00];
DGiro_cv(20,:)=[3.4461256473214508e-01,4.1208487181456260e-01,4.8222749009718158e-01];
GBias_cv(20,:)=[9.3568195914696059e-04,1.7480738745113451e-04,3.8821229570625707e-03];
dWv_cv(20,:)=[-5.3389330647354548e-05,7.0267894459925150e-05,1.4564160802136214e-05];
dWgv_cv(20,:)=[-1.8528183571888126e-06,1.5939210859528107e-06,5.7099786919990339e-07];
g_cv(20,:)=[8.8635850093216617e-01,9.5284616053369202e+00,6.8717605378950064e-01];
VBias_cv(20,:)=[-1.3373856469052462e-08,1.6314190634912253e-09,-6.2583253997467397e-09];
Av_cv(20,:)=[-8.3918356060876699e-03,9.2746968894656528e-03,-9.6221066980005845e-03];
As_cv(20,:)=[-4.1440220346722090e-01,-9.4732178122861530e+00,-2.4381820909888399e+00];
Posgv_cv(20,:)=[3.9570152384322876e-04,6.7051054141230147e-05,-1.1889305250964750e-04];
Kp_cv(21,:)=1.0060162435423252e+00;
RKp_cv(21,:)=6.6442435343384138e-04;
Rot_cv(21,:,:)=[9.9999905827595548e-01,-1.3722552936079177e-03,-1.9042364490846195e-05;1.3722528847685998e-03,9.9999905053003590e-01,-1.2594064538349556e-04;1.9215169128007346e-05,1.2591439584255670e-04,9.9999999188817124e-01];
Vel_cv(21,:)=[-2.9819657588984190e-03,-1.1328616582939577e-03,7.1317508117452145e-04];
RotGiro_cv(21,:)=[2.5180505402812104e-03,-3.8251242224399986e-04,2.7444865632307996e-02];
t_cv(21,:)=1.4036371315383191e+09;
dt_cv(21,:)=4.9999952316284180e-02;
i_cv(21,:)=20;
