Kp_cv(1,:)=1.5180876469052489e+00;
RKp_cv(1,:)=1.1388535455672422e-02;
Rot_cv(1,:,:)=[9.9999968010712414e-01,5.1273014412739579e-05,-7.9822097692892370e-04;-5.0275323212188488e-05,9.9999921765665289e-01,1.2498633824493091e-03;7.9828443670928160e-04,-1.2498228518093065e-03,9.9999890034179406e-01];
Vel_cv(1,:)=[-1.0370930701899799e-03,-1.2433279652523022e-02,-8.2148367859266828e-03];
RotGiro_cv(1,:)=[-2.4996776160865184e-02,-1.5964999093640134e-02,-1.0154798751656803e-03];
t_cv(1,:)=1.4036371305883191e+09;
dt_cv(1,:)=5.0000190734863281e-02;
i_cv(1,:)=1;
Pose_cv(1,:,:)=[1.0000000000000000e+00,0.0000000000000000e+00,0.0000000000000000e+00;0.0000000000000000e+00,1.0000000000000000e+00,0.0000000000000000e+00;0.0000000000000000e+00,0.0000000000000000e+00,1.0000000000000000e+00];
Pos_cv(1,:)=[0.0000000000000000e+00,0.0000000000000000e+00,0.0000000000000000e+00];
K_cv(1,:)=1.0000000000000000e+00;
KLN_cv(1,:)=16000;
Giro_cv(1,:)=[2.2975535969634371e-02,1.8258084515379090e-03,8.8649807357904273e-02];
Acel_cv(1,:)=[-4.1513588349669162e-01,-9.4783501610220391e+00,-2.4357585200228256e+00];
CAcel_cv(1,:)=[-4.2700854553243828e-01,-9.5165075022254015e+00,-2.4338054683969355e+00];
DGiro_cv(1,:)=[-8.2940124325472750e-02,-3.6131696741536919e-03,-5.7478716820392317e-01];
GBias_cv(1,:)=[1.5125481115763071e-03,-1.9782963139091868e-06,3.8239182127537156e-03];
dWv_cv(1,:)=[1.5125483301006827e-03,-1.9782626921219075e-06,3.8239182389213271e-03];
dWgv_cv(1,:)=[1.5125481115773956e-03,-1.9782963139106102e-06,3.8239182127564678e-03];
g_cv(1,:)=[0.0000000000000000e+00,0.0000000000000000e+00,0.0000000000000000e+00];
VBias_cv(1,:)=[0.0000000000000000e+00,0.0000000000000000e+00,0.0000000000000000e+00];
Av_cv(1,:)=[-2.0741782280179449e-02,-2.4866464447012118e-01,-1.6429610897861599e-01];
As_cv(1,:)=[-1.3755647577208271e-01,-2.3835972156020886e+00,-5.6632052547245548e-01];
Posgv_cv(1,:)=[0.0000000000000000e+00,0.0000000000000000e+00,0.0000000000000000e+00];
Kp_cv(2,:)=9.9669314206585902e-01;
RKp_cv(2,:)=4.6963354871840861e-04;
Rot_cv(2,:,:)=[9.9999897644851754e-01,8.7496741733209492e-04,1.1320485575739749e-03;-8.7427525068555650e-04,9.9999943068454200e-01,-6.1177886333439551e-04;-1.1325831996532741e-03,6.1078851511076949e-04,9.9999917209599998e-01];
Vel_cv(2,:)=[-6.1136589383707759e-04,2.8712034911394899e-04,3.4836043084927122e-03];
RotGiro_cv(2,:)=[1.2225748673341749e-02,2.2646456293263718e-02,-1.7492533830787752e-02];
t_cv(2,:)=1.4036371306383193e+09;
dt_cv(2,:)=4.9999713897705078e-02;
i_cv(2,:)=2;
Pose_cv(2,:,:)=[1.0000000000000000e+00,0.0000000000000000e+00,0.0000000000000000e+00;0.0000000000000000e+00,1.0000000000000000e+00,0.0000000000000000e+00;0.0000000000000000e+00,0.0000000000000000e+00,1.0000000000000000e+00];
Pos_cv(2,:)=[0.0000000000000000e+00,0.0000000000000000e+00,0.0000000000000000e+00];
K_cv(2,:)=1.0000000000000000e+00;
KLN_cv(2,:)=16000;
Giro_cv(2,:)=[5.2115435087285071e-03,-1.5948205213135124e-02,7.5478434188383819e-02];
Acel_cv(2,:)=[-5.5225662711162327e-01,-9.5167183802321311e+00,-2.3271525104566932e+00];
CAcel_cv(2,:)=[-5.5022590308833086e-01,-9.5343888624083544e+00,-2.2652821018898219e+00];
DGiro_cv(2,:)=[-2.4618579326000681e-01,-8.7044247233241212e-01,-2.4052213542644560e-01];
GBias_cv(2,:)=[9.3676271512057306e-04,1.8687917288149385e-04,3.8811543124409112e-03];
dWv_cv(2,:)=[-7.0517322978378393e-05,4.3171083724921511e-05,3.4995415665336094e-05];
dWgv_cv(2,:)=[-6.4328256406170494e-06,3.7341158583694687e-06,2.2937497266712388e-06];
g_cv(2,:)=[0.0000000000000000e+00,0.0000000000000000e+00,0.0000000000000000e+00];
VBias_cv(2,:)=[0.0000000000000000e+00,0.0000000000000000e+00,0.0000000000000000e+00];
Av_cv(2,:)=[-7.8917650753313751e-03,-2.8585982226576778e-02,9.9603248398443117e-03];
As_cv(2,:)=[-2.0633745990126706e-01,-4.6963850797988931e+00,-1.2552591916045044e+00];
Posgv_cv(2,:)=[0.0000000000000000e+00,0.0000000000000000e+00,0.0000000000000000e+00];
Kp_cv(3,:)=9.9513478482319595e-01;
RKp_cv(3,:)=4.6054011939689255e-04;
Rot_cv(3,:,:)=[9.9999932070634812e-01,-1.1555526071499987e-03,-1.5259428111671417e-04;1.1555194337409763e-03,9.9999930877630561e-01,-2.1730565819071563e-04;1.5284528375981255e-04,2.1712918491905502e-04,9.9999996474661779e-01];
Vel_cv(3,:)=[-1.0910575202782685e-03,1.7147065339107365e-03,6.0038560580764726e-04];
RotGiro_cv(3,:)=[4.3443328766428748e-03,-3.0543847128423518e-03,2.3110637663554034e-02];
t_cv(3,:)=1.4036371306883190e+09;
dt_cv(3,:)=5.0000190734863281e-02;
i_cv(3,:)=3;
Pose_cv(3,:,:)=[1.0000000000000000e+00,0.0000000000000000e+00,0.0000000000000000e+00;0.0000000000000000e+00,1.0000000000000000e+00,0.0000000000000000e+00;0.0000000000000000e+00,0.0000000000000000e+00,1.0000000000000000e+00];
Pos_cv(3,:)=[0.0000000000000000e+00,0.0000000000000000e+00,0.0000000000000000e+00];
K_cv(3,:)=1.0000000000000000e+00;
KLN_cv(3,:)=16000;
Giro_cv(3,:)=[3.0954244979579337e-02,2.6403498415521188e-02,6.0130059947403482e-02];
Acel_cv(3,:)=[-2.9469836128711380e-01,-9.2962524688767409e+00,-2.7104693683866725e+00];
CAcel_cv(3,:)=[-2.8602580036516739e-01,-9.2492918468334846e+00,-2.7609665951052098e+00];
DGiro_cv(3,:)=[-5.7949640137702985e-01,9.5819863054503795e-01,7.9156596280418734e-01];
GBias_cv(3,:)=[9.4055250817021835e-04,1.8898637895891924e-04,3.8826480318439912e-03];
dWv_cv(3,:)=[1.5385900827773956e-04,7.9618807205015404e-05,1.0167235815531562e-04];
dWgv_cv(3,:)=[1.1129985751091405e-05,6.1885103775133773e-06,4.3868030403317804e-06];
g_cv(3,:)=[0.0000000000000000e+00,0.0000000000000000e+00,0.0000000000000000e+00];
VBias_cv(3,:)=[0.0000000000000000e+00,0.0000000000000000e+00,0.0000000000000000e+00];
Av_cv(3,:)=[-6.6052865820728536e-03,1.7074290186787477e-02,1.6201983686612503e-02];
As_cv(3,:)=[-3.5781687439975357e-01,-7.0966328376481389e+00,-1.8142325583015841e+00];
Posgv_cv(3,:)=[0.0000000000000000e+00,0.0000000000000000e+00,0.0000000000000000e+00];
Kp_cv(4,:)=1.0018480101260374e+00;
RKp_cv(4,:)=4.4132770641742497e-04;
Rot_cv(4,:,:)=[9.9999940415740396e-01,1.0167394200484611e-03,3.9739877811821014e-04;-1.0169144885120414e-03,9.9999938588581494e-01,4.4058247370908559e-04;-3.9695057650118200e-04,-4.4098633176646666e-04,9.9999982398063225e-01];
Vel_cv(4,:)=[2.4094926524813962e-03,4.6082916602530642e-05,7.1448185258224633e-04];
RotGiro_cv(4,:)=[-8.8156984984502171e-03,7.9435029566246040e-03,-2.0336563177724008e-02];
t_cv(4,:)=1.4036371307383192e+09;
dt_cv(4,:)=4.9999952316284180e-02;
i_cv(4,:)=4;
Pose_cv(4,:,:)=[1.0000000000000000e+00,0.0000000000000000e+00,0.0000000000000000e+00;0.0000000000000000e+00,1.0000000000000000e+00,0.0000000000000000e+00;0.0000000000000000e+00,0.0000000000000000e+00,1.0000000000000000e+00];
Pos_cv(4,:)=[0.0000000000000000e+00,0.0000000000000000e+00,0.0000000000000000e+00];
K_cv(4,:)=1.0000000000000000e+00;
KLN_cv(4,:)=16000;
Giro_cv(4,:)=[2.3307086529469161e-02,7.6396317705404687e-04,1.0081395993793349e-01];
Acel_cv(4,:)=[-5.8657458295412368e-01,-9.6100496428102229e+00,-2.2418493380871873e+00];
CAcel_cv(4,:)=[-5.8344371994736599e-01,-9.6008675379459891e+00,-2.2401017916658232e+00];
DGiro_cv(4,:)=[1.3062391083417983e+00,-4.4148654436619988e-01,-2.0531618119126419e-02];
GBias_cv(4,:)=[9.4136178138432317e-04,1.8683347668400102e-04,3.8830129696171018e-03];
dWv_cv(4,:)=[5.1037145891926882e-05,-1.9677395462831224e-04,8.2605454449303451e-05];
dWgv_cv(4,:)=[3.0981649490089553e-06,-8.2420204333234090e-06,1.3971022363203464e-06];
g_cv(4,:)=[0.0000000000000000e+00,0.0000000000000000e+00,0.0000000000000000e+00];
VBias_cv(4,:)=[0.0000000000000000e+00,0.0000000000000000e+00,0.0000000000000000e+00];
Av_cv(4,:)=[9.4851635134029274e-03,2.8485364458115874e-02,2.0482133762261583e-02];
As_cv(4,:)=[-4.4325795637904086e-01,-9.4598778619664721e+00,-2.4580726202698542e+00];
Posgv_cv(4,:)=[0.0000000000000000e+00,0.0000000000000000e+00,0.0000000000000000e+00];
Kp_cv(5,:)=9.9862911190859793e-01;
RKp_cv(5,:)=4.7042207682039766e-04;
Rot_cv(5,:,:)=[9.9999991416062317e-01,2.2794567396713204e-04,-3.4600508130497618e-04;-2.2796181330211171e-04,9.9999997293064280e-01,-4.6606070521112672e-05;3.4599444828666644e-04,4.6684942466219164e-05,9.9999993905417706e-01];
Vel_cv(5,:)=[3.9533963226396019e-04,8.6141590767579296e-04,-2.4270576523210453e-04];
RotGiro_cv(5,:)=[9.3290659814888432e-04,-6.9199690988415398e-03,-4.5590576133704612e-03];
t_cv(5,:)=1.4036371307883191e+09;
dt_cv(5,:)=5.0000190734863281e-02;
i_cv(5,:)=5;
Pose_cv(5,:,:)=[1.0000000000000000e+00,0.0000000000000000e+00,0.0000000000000000e+00;0.0000000000000000e+00,1.0000000000000000e+00,0.0000000000000000e+00;0.0000000000000000e+00,0.0000000000000000e+00,1.0000000000000000e+00];
Pos_cv(5,:)=[0.0000000000000000e+00,0.0000000000000000e+00,0.0000000000000000e+00];
K_cv(5,:)=1.0000000000000000e+00;
KLN_cv(5,:)=16000;
Giro_cv(5,:)=[1.0085464790983250e-02,1.1558827129963038e-02,5.7343158142267515e-02];
Acel_cv(5,:)=[-3.6601695870523765e-01,-9.4477264045416334e+00,-2.5196269569506589e+00];
CAcel_cv(5,:)=[-3.7351249837600942e-01,-9.4547425108028786e+00,-2.5622861330761815e+00];
DGiro_cv(5,:)=[4.1533231112917018e-01,5.2219604164028111e-01,-1.5886201627595811e-01];
GBias_cv(5,:)=[9.4203366753227956e-04,1.8632056627430102e-04,3.8835713362621051e-03];
dWv_cv(5,:)=[5.0388492321521820e-05,-7.0203230667427588e-05,9.1907122725891935e-05];
dWgv_cv(5,:)=[3.1215839803982904e-06,-2.3829824787562171e-06,2.5941722113674388e-06];
g_cv(5,:)=[0.0000000000000000e+00,0.0000000000000000e+00,0.0000000000000000e+00];
VBias_cv(5,:)=[0.0000000000000000e+00,0.0000000000000000e+00,0.0000000000000000e+00];
Av_cv(5,:)=[1.1689451881181713e-02,5.2717339741323394e-02,2.6330935655058840e-02];
As_cv(5,:)=[-4.1822794346553832e-01,-9.4581039625800400e+00,-2.4873622531797590e+00];
Posgv_cv(5,:)=[0.0000000000000000e+00,0.0000000000000000e+00,0.0000000000000000e+00];
Kp_cv(6,:)=1.0014550613816993e+00;
RKp_cv(6,:)=4.6395428590769887e-04;
Rot_cv(6,:,:)=[9.9999987077126173e-01,-4.6463897680487843e-04,-2.0632033498624736e-04;4.6469996696065738e-04,9.9999984831967093e-01,2.9565956156641862e-04;2.0618292873533268e-04,-2.9575540041155946e-04,9.9999993500866913e-01];
Vel_cv(6,:)=[6.7405927320136861e-04,-1.3094093436869492e-03,-2.1567748548684765e-03];
RotGiro_cv(6,:)=[-5.9141838019620739e-03,-4.1250564787868238e-03,9.2934431509282042e-03];
t_cv(6,:)=1.4036371308383193e+09;
dt_cv(6,:)=4.9999713897705078e-02;
i_cv(6,:)=6;
Pose_cv(6,:,:)=[1.0000000000000000e+00,0.0000000000000000e+00,0.0000000000000000e+00;0.0000000000000000e+00,1.0000000000000000e+00,0.0000000000000000e+00;0.0000000000000000e+00,0.0000000000000000e+00,1.0000000000000000e+00];
Pos_cv(6,:)=[0.0000000000000000e+00,0.0000000000000000e+00,0.0000000000000000e+00];
K_cv(6,:)=1.0000000000000000e+00;
KLN_cv(6,:)=16000;
Giro_cv(6,:)=[1.9818209320382203e-02,-3.2426248149631290e-03,7.3153498968169389e-02];
Acel_cv(6,:)=[-4.4392442778443908e-01,-9.5348774280746849e+00,-2.3643485406742184e+00];
CAcel_cv(6,:)=[-4.4380750487666093e-01,-9.5279384540308367e+00,-2.3812401278027395e+00];
DGiro_cv(6,:)=[6.3734550801716236e-02,2.3874854803799758e-01,9.8517800262704194e-02];
GBias_cv(6,:)=[9.4014380993116267e-04,1.8577889593562066e-04,3.8838568660865573e-03];
dWv_cv(6,:)=[-1.6706763676271072e-04,-7.5813478058405905e-05,7.4442618330317046e-05];
dWgv_cv(6,:)=[-1.0167763113124484e-05,-2.9142807827704999e-06,1.5362001957427418e-06];
g_cv(6,:)=[0.0000000000000000e+00,0.0000000000000000e+00,0.0000000000000000e+00];
VBias_cv(6,:)=[0.0000000000000000e+00,0.0000000000000000e+00,0.0000000000000000e+00];
Av_cv(6,:)=[8.1129563850937062e-03,-8.0846990655457883e-03,-2.4251340541966683e-02];
As_cv(6,:)=[-5.0258506559472149e-01,-9.4845406136190480e+00,-2.4033053163166445e+00];
Posgv_cv(6,:)=[0.0000000000000000e+00,0.0000000000000000e+00,0.0000000000000000e+00];
Kp_cv(7,:)=9.9815092474195222e-01;
RKp_cv(7,:)=4.9522284818811645e-04;
Rot_cv(7,:,:)=[9.9999976073014729e-01,-5.8067458226331134e-04,-3.7597430541442731e-04;5.8056179876519499e-04,9.9999978646908783e-01,-3.0001629222008961e-04;3.7614843696742788e-04,2.9979794411619020e-04,9.9999988431676645e-01];
Vel_cv(7,:)=[9.2795757018770562e-04,8.6821004841305504e-04,-6.5244828873144145e-04];
RotGiro_cv(7,:)=[5.9981200506587454e-03,-7.5211994453361145e-03,1.1612320613037987e-02];
t_cv(7,:)=1.4036371308883190e+09;
dt_cv(7,:)=5.0000190734863281e-02;
i_cv(7,:)=7;
Pose_cv(7,:,:)=[1.0000000000000000e+00,0.0000000000000000e+00,0.0000000000000000e+00;0.0000000000000000e+00,1.0000000000000000e+00,0.0000000000000000e+00;0.0000000000000000e+00,0.0000000000000000e+00,1.0000000000000000e+00];
Pos_cv(7,:)=[0.0000000000000000e+00,0.0000000000000000e+00,0.0000000000000000e+00];
K_cv(7,:)=1.0000000000000000e+00;
KLN_cv(7,:)=16000;
Giro_cv(7,:)=[1.2714883678746269e-02,-4.2822837313138425e-04,8.6996987253300809e-02];
Acel_cv(7,:)=[-6.2373729800616218e-01,-9.3948664299959344e+00,-2.4479906012740491e+00];
CAcel_cv(7,:)=[-6.0814573240371528e-01,-9.3573494407052848e+00,-2.4181832915751795e+00];
DGiro_cv(7,:)=[-4.5859453421488028e-01,-3.1141625899883191e-01,6.3184525571733852e-01];
GBias_cv(7,:)=[9.4070331831577888e-04,1.8529881542249044e-04,3.8831725341239758e-03];
dWv_cv(7,:)=[5.1412555923665400e-05,-5.2235775856399584e-05,-1.2032053087374034e-04];
dWgv_cv(7,:)=[3.3720954095002535e-06,-2.8933923762862717e-06,-4.1243933657553791e-06];
g_cv(7,:)=[0.0000000000000000e+00,0.0000000000000000e+00,0.0000000000000000e+00];
VBias_cv(7,:)=[0.0000000000000000e+00,0.0000000000000000e+00,0.0000000000000000e+00];
Av_cv(7,:)=[4.6007380120713353e-03,-6.0933563246755385e-03,-1.0754077793763816e-02];
As_cv(7,:)=[-4.3667943942775878e-01,-9.4718917260143147e+00,-2.4591926276858702e+00];
Posgv_cv(7,:)=[0.0000000000000000e+00,0.0000000000000000e+00,0.0000000000000000e+00];
Kp_cv(8,:)=1.0004428390331261e+00;
RKp_cv(8,:)=4.9787008566913062e-04;
Rot_cv(8,:,:)=[9.9999961901769219e-01,8.4521835967040241e-04,2.1810638500249386e-04;-8.4522282983157040e-04,9.9999964259095930e-01,2.0403964361626800e-05;-2.1808906124401683e-04,-2.0588305084014526e-05,9.9999997600664114e-01];
Vel_cv(8,:)=[1.0076827480424105e-03,-9.3584322111117663e-05,4.3608948191227947e-04];
RotGiro_cv(8,:)=[-4.0992313747604452e-04,4.3619591766014699e-03,-1.6904430164285122e-02];
t_cv(8,:)=1.4036371309383192e+09;
dt_cv(8,:)=4.9999952316284180e-02;
i_cv(8,:)=8;
Pose_cv(8,:,:)=[1.0000000000000000e+00,0.0000000000000000e+00,0.0000000000000000e+00;0.0000000000000000e+00,1.0000000000000000e+00,0.0000000000000000e+00;0.0000000000000000e+00,0.0000000000000000e+00,1.0000000000000000e+00];
Pos_cv(8,:)=[0.0000000000000000e+00,0.0000000000000000e+00,0.0000000000000000e+00];
K_cv(8,:)=1.0000000000000000e+00;
KLN_cv(8,:)=16000;
Giro_cv(8,:)=[2.4862379445472781e-02,-3.8691866118707027e-03,8.9208712971829432e-02];
Acel_cv(8,:)=[-2.6293108796570763e-01,-9.4630686541252338e+00,-2.4498765755795482e+00];
CAcel_cv(8,:)=[-2.9345767070666451e-01,-9.5478062218425421e+00,-2.4792292100324409e+00];
DGiro_cv(8,:)=[-2.6879130418392944e-01,5.3536910670019966e-01,-1.2660054757667698e+00];
GBias_cv(8,:)=[9.4083492741443614e-04,1.8483572941391910e-04,3.8828512965631279e-03];
dWv_cv(8,:)=[1.1055357835965987e-05,-6.5616254117458511e-05,-5.5292078410578349e-05];
dWgv_cv(8,:)=[8.6691448841747496e-07,-3.0503663827932119e-06,-2.1160048854072784e-06];
g_cv(8,:)=[0.0000000000000000e+00,0.0000000000000000e+00,0.0000000000000000e+00];
VBias_cv(8,:)=[0.0000000000000000e+00,0.0000000000000000e+00,0.0000000000000000e+00];
Av_cv(8,:)=[-4.5453817531487944e-03,-5.4367634391999957e-04,-1.9254958638738869e-03];
As_cv(8,:)=[-4.3775530015622804e-01,-9.4776083735815160e+00,-2.4385301051341721e+00];
Posgv_cv(8,:)=[0.0000000000000000e+00,0.0000000000000000e+00,0.0000000000000000e+00];
Kp_cv(9,:)=1.0028283448371245e+00;
RKp_cv(9,:)=4.9639758632160334e-04;
Rot_cv(9,:,:)=[9.9999982500025641e-01,4.4933691208064630e-04,3.8483216567497145e-04;-4.4947349466762201e-04,9.9999983600914266e-01,3.5490176902091560e-04;-3.8467263210104644e-04,-3.5507467877156612e-04,9.9999986297445975e-01];
Vel_cv(9,:)=[2.7654329700403371e-03,-1.1458811091252768e-03,1.5459886699385855e-04];
RotGiro_cv(9,:)=[-7.0997718120619545e-03,7.6950559268317903e-03,-8.9881133522960385e-03];
t_cv(9,:)=1.4036371309883192e+09;
dt_cv(9,:)=4.9999952316284180e-02;
i_cv(9,:)=9;
Pose_cv(9,:,:)=[1.0000000000000000e+00,0.0000000000000000e+00,0.0000000000000000e+00;0.0000000000000000e+00,1.0000000000000000e+00,0.0000000000000000e+00;0.0000000000000000e+00,0.0000000000000000e+00,1.0000000000000000e+00];
Pos_cv(9,:)=[0.0000000000000000e+00,0.0000000000000000e+00,0.0000000000000000e+00];
K_cv(9,:)=1.0000000000000000e+00;
KLN_cv(9,:)=16000;
Giro_cv(9,:)=[1.8433367203607547e-02,7.9963591344088432e-03,6.0714438362712911e-02];
Acel_cv(9,:)=[-4.1214333941914782e-01,-9.4808385082953315e+00,-2.4552919693523556e+00];
CAcel_cv(9,:)=[-4.1354154112305935e-01,-9.4764371867509478e+00,-2.4779287468627049e+00];
DGiro_cv(9,:)=[-6.9884485433457030e-03,3.4928651883401707e-01,6.8344248224397469e-02];
GBias_cv(9,:)=[9.4009689305115122e-04,1.8390720656387234e-04,3.8825863882098648e-03];
dWv_cv(9,:)=[-9.7715412265891315e-05,-1.9312564785587658e-04,-4.7446043751265122e-05];
dWgv_cv(9,:)=[-5.2143389774646836e-06,-6.5601727091892622e-06,-1.8716228140497989e-06];
g_cv(9,:)=[0.0000000000000000e+00,0.0000000000000000e+00,0.0000000000000000e+00];
VBias_cv(9,:)=[0.0000000000000000e+00,0.0000000000000000e+00,0.0000000000000000e+00];
Av_cv(9,:)=[1.0145363791520591e-02,-5.5989740867460362e-03,6.7742517351501285e-03];
As_cv(9,:)=[-4.5760606903584544e-01,-9.4626483285246330e+00,-2.4144897523115318e+00];
Posgv_cv(9,:)=[0.0000000000000000e+00,0.0000000000000000e+00,0.0000000000000000e+00];
Kp_cv(10,:)=1.0004754905168425e+00;
RKp_cv(10,:)=4.9633279267853202e-04;
Rot_cv(10,:,:)=[9.9999914319992422e-01,1.3081796110316535e-03,-4.7597503366807856e-05;-1.3081890614448206e-03,9.9999912450745032e-01,-1.9906208338217330e-04;4.7337052736736965e-05,1.9912417935902190e-04,9.9999997905438187e-01];
Vel_cv(10,:)=[8.7464645217865875e-04,1.6422764082123681e-04,1.7976366390708828e-03];
RotGiro_cv(10,:)=[3.9818675883428467e-03,-9.4934674380798927e-04,-2.6163719321630592e-02];
t_cv(10,:)=1.4036371310383191e+09;
dt_cv(10,:)=4.9999952316284180e-02;
i_cv(10,:)=10;
Pose_cv(10,:,:)=[1.0000000000000000e+00,0.0000000000000000e+00,0.0000000000000000e+00;0.0000000000000000e+00,1.0000000000000000e+00,0.0000000000000000e+00;0.0000000000000000e+00,0.0000000000000000e+00,1.0000000000000000e+00];
Pos_cv(10,:)=[0.0000000000000000e+00,0.0000000000000000e+00,0.0000000000000000e+00];
K_cv(10,:)=1.0000000000000000e+00;
KLN_cv(10,:)=16000;
Giro_cv(10,:)=[1.1615289993960528e-02,1.1279189724872837e-02,6.8627387711139770e-02];
Acel_cv(10,:)=[-5.4686565254557729e-01,-9.4578796762068542e+00,-2.3484895511237296e+00];
CAcel_cv(10,:)=[-5.4157811282180524e-01,-9.4700071906993895e+00,-2.2744963629834758e+00];
DGiro_cv(10,:)=[-4.2863064305043364e-01,-9.9838840792303118e-01,-1.3300641020705500e-01];
GBias_cv(10,:)=[9.4022976479485624e-04,1.8345352859725701e-04,3.8825740246553777e-03];
dWv_cv(10,:)=[2.0251667489286509e-05,-1.1244010979227805e-04,1.4875561646510637e-05];
dWgv_cv(10,:)=[9.9231583795126561e-07,-3.3881683121539663e-06,-9.2333784361264100e-08];
g_cv(10,:)=[0.0000000000000000e+00,0.0000000000000000e+00,0.0000000000000000e+00];
VBias_cv(10,:)=[0.0000000000000000e+00,0.0000000000000000e+00,0.0000000000000000e+00];
Av_cv(10,:)=[4.4719760478197966e-03,1.8642174139046944e-03,1.7429468205237091e-02];
As_cv(10,:)=[-3.9282196383851048e-01,-9.4720214074260092e+00,-2.4535288129763759e+00];
Posgv_cv(10,:)=[0.0000000000000000e+00,0.0000000000000000e+00,0.0000000000000000e+00];
Kp_cv(11,:)=1.0127560284352248e+00;
RKp_cv(11,:)=5.1957060424827079e-04;
Rot_cv(11,:,:)=[9.9999592413875571e-01,-2.7656186478782190e-03,-7.0926678349787406e-04;2.7655802567112604e-03,9.9999617425743215e-01,-5.5103022262804533e-05;7.0941646397166148e-04,5.3141263457346330e-05,9.9999974695211125e-01];
Vel_cv(11,:)=[-1.4891952610873733e-03,-6.5588518491102479e-04,-4.0234441817120128e-03];
RotGiro_cv(11,:)=[1.0824401991796795e-03,-1.4186797637835022e-02,5.5311853223043037e-02];
t_cv(11,:)=1.4036371310883191e+09;
dt_cv(11,:)=5.0000190734863281e-02;
i_cv(11,:)=11;
Pose_cv(11,:,:)=[1.0000000000000000e+00,0.0000000000000000e+00,0.0000000000000000e+00;0.0000000000000000e+00,1.0000000000000000e+00,0.0000000000000000e+00;0.0000000000000000e+00,0.0000000000000000e+00,1.0000000000000000e+00];
Pos_cv(11,:)=[0.0000000000000000e+00,0.0000000000000000e+00,0.0000000000000000e+00];
K_cv(11,:)=1.0000000000000000e+00;
KLN_cv(11,:)=16000;
Giro_cv(11,:)=[2.2801768667120366e-02,2.6468508037726999e-03,5.1489030489761944e-02];
Acel_cv(11,:)=[-3.7100610958179653e-01,-9.3768512500660250e+00,-2.5576268205885206e+00];
CAcel_cv(11,:)=[-3.7871205157941246e-01,-9.3920660924840949e+00,-2.5809128320841577e+00];
DGiro_cv(11,:)=[-5.2031741816561938e-01,5.2220768403780637e-01,-1.6901871658632711e-01];
GBias_cv(11,:)=[9.3959307317578494e-04,1.8327810834416224e-04,3.8833412132289469e-03];
dWv_cv(11,:)=[-1.1806592184368516e-04,-7.9695955168122536e-05,2.5719848763103954e-04];
dWgv_cv(11,:)=[-4.9690108022644862e-06,-1.3690538817447800e-06,5.9874642531016529e-06];
g_cv(11,:)=[0.0000000000000000e+00,0.0000000000000000e+00,0.0000000000000000e+00];
VBias_cv(11,:)=[0.0000000000000000e+00,0.0000000000000000e+00,0.0000000000000000e+00];
Av_cv(11,:)=[-9.9315428494374958e-03,-5.5829995830053904e-03,-1.0761257945432994e-02];
As_cv(11,:)=[-5.0698314840594860e-01,-9.4293839859246855e+00,-2.4034717562999037e+00];
Posgv_cv(11,:)=[0.0000000000000000e+00,0.0000000000000000e+00,0.0000000000000000e+00];
Kp_cv(12,:)=1.0035998672459114e+00;
RKp_cv(12,:)=5.3265783519574684e-04;
Rot_cv(12,:,:)=[9.9999992468025078e-01,2.7826345428267425e-04,-2.7057151138283164e-04;-2.7816632386034235e-04,9.9999989688781532e-01,3.5895383405276719e-04;2.7067136721742709e-04,-3.5887854313378711e-04,9.9999989897159614e-01];
Vel_cv(12,:)=[-2.5584811045943205e-04,1.2936923051892915e-03,-1.7095578855407330e-03];
RotGiro_cv(12,:)=[-7.1783651811434483e-03,-5.4124600084401548e-03,-5.5643298799479103e-03];
t_cv(12,:)=1.4036371311383193e+09;
dt_cv(12,:)=4.9999713897705078e-02;
i_cv(12,:)=12;
Pose_cv(12,:,:)=[1.0000000000000000e+00,0.0000000000000000e+00,0.0000000000000000e+00;0.0000000000000000e+00,1.0000000000000000e+00,0.0000000000000000e+00;0.0000000000000000e+00,0.0000000000000000e+00,1.0000000000000000e+00];
Pos_cv(12,:)=[0.0000000000000000e+00,0.0000000000000000e+00,0.0000000000000000e+00];
K_cv(12,:)=1.0000000000000000e+00;
KLN_cv(12,:)=16000;
Giro_cv(12,:)=[1.9712274794238878e-02,-1.0536701595555359e-02,1.3309820402941797e-01];
Acel_cv(12,:)=[-6.7543032096251454e-01,-9.4566235725505781e+00,-2.3730640303128725e+00];
CAcel_cv(12,:)=[-6.4030048420880858e-01,-9.3808732353966526e+00,-2.2833321675848142e+00];
DGiro_cv(12,:)=[2.5817629132869901e-01,-1.4577356517593913e+00,1.1295238174335096e+00];
GBias_cv(12,:)=[9.3984586343679333e-04,1.8358912554924988e-04,3.8828844937034185e-03];
dWv_cv(12,:)=[4.8938334464090231e-05,1.0860371921612629e-04,-1.5734647898115568e-04];
dWgv_cv(12,:)=[2.0431524522199868e-06,2.5137660079249977e-06,-3.6913907000906055e-06];
g_cv(12,:)=[0.0000000000000000e+00,0.0000000000000000e+00,0.0000000000000000e+00];
VBias_cv(12,:)=[0.0000000000000000e+00,0.0000000000000000e+00,0.0000000000000000e+00];
Av_cv(12,:)=[-1.3563667780992630e-02,6.5414490510801266e-03,-1.6929678934413460e-02];
As_cv(12,:)=[-4.3654022419734290e-01,-9.4814180927349714e+00,-2.4100391177403919e+00];
Posgv_cv(12,:)=[0.0000000000000000e+00,0.0000000000000000e+00,0.0000000000000000e+00];
Kp_cv(13,:)=1.0022231230182619e+00;
RKp_cv(13,:)=5.3028243551085121e-04;
Rot_cv(13,:,:)=[9.9999999875795409e-01,-4.9119378499662434e-05,8.4485872289363464e-06;4.9119608551007026e-05,9.9999999842285447e-01,-2.7231511891791949e-05;-8.4472496206951932e-06,2.7231926849262098e-05,9.9999999959353358e-01];
Vel_cv(13,:)=[1.1996198011071462e-04,-8.7873856006903206e-04,9.2610484961717237e-04];
RotGiro_cv(13,:)=[5.4463231009600267e-04,1.6895772406434878e-04,9.8238612352917172e-04];
t_cv(13,:)=1.4036371311883190e+09;
dt_cv(13,:)=5.0000190734863281e-02;
i_cv(13,:)=13;
Pose_cv(13,:,:)=[1.0000000000000000e+00,0.0000000000000000e+00,0.0000000000000000e+00;0.0000000000000000e+00,1.0000000000000000e+00,0.0000000000000000e+00;0.0000000000000000e+00,0.0000000000000000e+00,1.0000000000000000e+00];
Pos_cv(13,:)=[0.0000000000000000e+00,0.0000000000000000e+00,0.0000000000000000e+00];
K_cv(13,:)=1.0000000000000000e+00;
KLN_cv(13,:)=16000;
Giro_cv(13,:)=[1.1652169553929580e-02,-1.6929715529779073e-03,7.2029250465599354e-02];
Acel_cv(13,:)=[-9.1399978791339986e-02,-9.5461107577656179e+00,-2.3952745402616289e+00];
CAcel_cv(13,:)=[-1.4816913861267289e-01,-9.6860154569598436e+00,-2.4953079243640843e+00];
DGiro_cv(13,:)=[3.5632806674764061e-01,1.4205916057771710e+00,-2.1890280751658118e+00];
GBias_cv(13,:)=[9.3957197745493854e-04,1.8339408405217505e-04,3.8836587956699560e-03];
dWv_cv(13,:)=[-5.8920413951827594e-05,-8.6935319643589192e-05,2.3215765908407305e-04];
dWgv_cv(13,:)=[-2.2761496326396883e-06,-1.6209067324658159e-06,6.4348935449400502e-06];
g_cv(13,:)=[0.0000000000000000e+00,0.0000000000000000e+00,0.0000000000000000e+00];
VBias_cv(13,:)=[0.0000000000000000e+00,0.0000000000000000e+00,0.0000000000000000e+00];
Av_cv(13,:)=[-1.2842032641390859e-02,3.3464869206342560e-03,-3.9152064390657638e-03];
As_cv(13,:)=[-4.4506150601204436e-01,-9.4528547695325393e+00,-2.4425901270895145e+00];
Posgv_cv(13,:)=[0.0000000000000000e+00,0.0000000000000000e+00,0.0000000000000000e+00];
Kp_cv(14,:)=9.9989010406835854e-01;
RKp_cv(14,:)=5.7147526993180683e-04;
Rot_cv(14,:,:)=[9.9999987020455494e-01,-5.0318090903306257e-04,7.9999040775449468e-05;5.0319239393222003e-04,9.9999986308711097e-01,-1.4360770976822355e-04;-7.9926769164618967e-05,1.4364794603743394e-04,9.9999998648848964e-01];
Vel_cv(14,:)=[-1.1211890642696325e-03,8.8639766065790965e-05,2.4452001523381711e-04];
RotGiro_cv(14,:)=[2.8725594317006568e-03,1.5992596992640852e-03,1.0063743097195795e-02];
t_cv(14,:)=1.4036371312383192e+09;
dt_cv(14,:)=4.9999952316284180e-02;
i_cv(14,:)=14;
Pose_cv(14,:,:)=[1.0000000000000000e+00,0.0000000000000000e+00,0.0000000000000000e+00;0.0000000000000000e+00,1.0000000000000000e+00,0.0000000000000000e+00;0.0000000000000000e+00,0.0000000000000000e+00,1.0000000000000000e+00];
Pos_cv(14,:)=[0.0000000000000000e+00,0.0000000000000000e+00,0.0000000000000000e+00];
K_cv(14,:)=1.0000000000000000e+00;
KLN_cv(14,:)=16000;
Giro_cv(14,:)=[1.9288510394970027e-02,3.8247268932080055e-03,7.8770072299686078e-02];
Acel_cv(14,:)=[-6.2085515085245735e-01,-9.4478905808679592e+00,-2.4338195848490862e+00];
CAcel_cv(14,:)=[-5.8783029752434335e-01,-9.3547244615636664e+00,-2.4059046826568933e+00];
DGiro_cv(14,:)=[-1.7138776174141931e-01,-3.7358163415842832e-01,1.4495915662909935e+00];
GBias_cv(14,:)=[9.3967770931915298e-04,1.8355103038551635e-04,3.8834304179083097e-03];
dWv_cv(14,:)=[2.6312695083422326e-05,5.6842638495902806e-05,-8.1417321316987364e-05];
dWgv_cv(14,:)=[8.9837678955028229e-07,1.3335331229282326e-06,-1.9404678224214775e-06];
g_cv(14,:)=[0.0000000000000000e+00,0.0000000000000000e+00,0.0000000000000000e+00];
VBias_cv(14,:)=[0.0000000000000000e+00,0.0000000000000000e+00,0.0000000000000000e+00];
Av_cv(14,:)=[-4.7726335938774161e-03,-7.3864680477435504e-04,3.6896285856149996e-03];
As_cv(14,:)=[-4.1994850890070101e-01,-9.4906440615133132e+00,-2.4161779429230017e+00];
Posgv_cv(14,:)=[0.0000000000000000e+00,0.0000000000000000e+00,0.0000000000000000e+00];
Kp_cv(15,:)=1.0000935432521101e+00;
RKp_cv(15,:)=5.7083074319729606e-04;
Rot_cv(15,:,:)=[9.9999983465497810e-01,5.6119461850362234e-04,1.2550145917190038e-04;-5.6120576549938800e-04,9.9999983858112651e-01,8.8802079788111700e-05;-1.2545160366428620e-04,-8.8872497247591625e-05,9.9999998818178726e-01];
Vel_cv(15,:)=[2.7516246345778116e-03,-2.2699511207937350e-04,7.5821984391390910e-04];
RotGiro_cv(15,:)=[-1.7767390928977100e-03,2.5095211969121327e-03,-1.1223961657388801e-02];
t_cv(15,:)=1.4036371312883191e+09;
dt_cv(15,:)=5.0000190734863281e-02;
i_cv(15,:)=15;
Pose_cv(15,:,:)=[1.0000000000000000e+00,0.0000000000000000e+00,0.0000000000000000e+00;0.0000000000000000e+00,1.0000000000000000e+00,0.0000000000000000e+00;0.0000000000000000e+00,0.0000000000000000e+00,1.0000000000000000e+00];
Pos_cv(15,:)=[0.0000000000000000e+00,0.0000000000000000e+00,0.0000000000000000e+00];
K_cv(15,:)=1.0000000000000000e+00;
KLN_cv(15,:)=16000;
Giro_cv(15,:)=[2.1690956888205420e-02,5.2938339583771584e-03,8.7695776610912241e-02];
Acel_cv(15,:)=[-2.6921897255159716e-01,-9.4868477403681588e+00,-2.4458618572843869e+00];
CAcel_cv(15,:)=[-2.9086280941187437e-01,-9.5411772065997287e+00,-2.4814573002076128e+00];
DGiro_cv(15,:)=[1.4008845229258146e-01,5.0127658609248615e-01,-8.5028134161715829e-01];
GBias_cv(15,:)=[9.3951648085622555e-04,1.8314556837771112e-04,3.8836343446140040e-03];
dWv_cv(15,:)=[-4.1294935439761148e-05,-1.5134244245095822e-04,9.2188860334824953e-05];
dWgv_cv(15,:)=[-1.3942891463868626e-06,-3.5063987244586857e-06,1.7635396830390277e-06];
g_cv(15,:)=[0.0000000000000000e+00,0.0000000000000000e+00,0.0000000000000000e+00];
VBias_cv(15,:)=[0.0000000000000000e+00,0.0000000000000000e+00,0.0000000000000000e+00];
Av_cv(15,:)=[1.5231888476617302e-02,-6.9832150181856588e-04,2.3035235478728707e-02];
As_cv(15,:)=[-3.8666479352732197e-01,-9.4940083767294805e+00,-2.4406594433076543e+00];
Posgv_cv(15,:)=[0.0000000000000000e+00,0.0000000000000000e+00,0.0000000000000000e+00];
Kp_cv(16,:)=1.0015557272016540e+00;
RKp_cv(16,:)=5.8919148461404126e-04;
Rot_cv(16,:,:)=[9.9999991814281530e-01,-3.4570794621965412e-04,-2.1023886080029234e-04;3.4576881287190438e-04,9.9999989830395042e-01,2.8954449948555061e-04;2.1013874158556077e-04,-2.8961716982557438e-04,9.9999993598180004e-01];
Vel_cv(16,:)=[2.3715315109273660e-03,-7.0465869079603920e-05,-2.3597634413931811e-03];
RotGiro_cv(16,:)=[-5.7916500722467066e-03,-4.2038002516524989e-03,6.9148074433380011e-03];
t_cv(16,:)=1.4036371313383193e+09;
dt_cv(16,:)=4.9999713897705078e-02;
i_cv(16,:)=16;
Pose_cv(16,:,:)=[9.9232252959844414e-01,-1.2358956941526665e-01,-4.6492561871935671e-03;1.2367682961657306e-01,9.9167994123457093e-01,3.5706245517989343e-02;1.9765459349650478e-04,-3.6007117140181628e-02,9.9935151395688349e-01];
Pos_cv(16,:)=[1.1864952803274380e-04,6.9582410275230526e-06,-1.1776068370549818e-04];
K_cv(16,:)=1.0701128754356828e+00;
KLN_cv(16,:)=16000;
Giro_cv(16,:)=[1.6986175351593774e-02,6.1135399284918783e-03,6.6480659470244702e-02];
Acel_cv(16,:)=[-5.5290439049248108e-01,-9.4542356158388294e+00,-2.4336787530174107e+00];
CAcel_cv(16,:)=[-5.2711938757877985e-01,-9.3938036753358176e+00,-2.3802377721097239e+00];
DGiro_cv(16,:)=[-8.2063113344710475e-02,-7.9330638293390476e-01,9.3667894751576264e-01];
GBias_cv(16,:)=[9.3914541884130307e-04,1.8275600048971207e-04,3.8834685775607507e-03];
dWv_cv(16,:)=[-7.6031036595979750e-05,-1.3538427408931741e-04,-1.8402394154813793e-05];
dWgv_cv(16,:)=[-3.2542737676807571e-06,-3.4165732617792961e-06,-1.4538038151412560e-06];
g_cv(16,:)=[1.2127425770531934e+00,9.7241535967025960e+00,3.5012608538420831e-01];
VBias_cv(16,:)=[-3.7440067600205290e-15,-2.4802658648901448e-18,1.3037117439135284e-14];
Av_cv(16,:)=[1.5150210111267047e-02,-4.1382866296947015e-03,-2.3200708485591323e-03];
As_cv(16,:)=[-4.9336308946144980e-01,-9.4345227555744753e+00,-2.4099822738281445e+00];
Posgv_cv(16,:)=[1.1864952803527471e-04,6.9582410292292785e-06,-1.1776068370597161e-04];
Kp_cv(17,:)=1.0186085687301545e+00;
RKp_cv(17,:)=5.9481562023690226e-04;
Rot_cv(17,:,:)=[9.9999974714760564e-01,-9.8230716245774333e-05,-7.0431204083797386e-04;9.7994010666476475e-05,9.9999993871456538e-01,-3.3610718471096629e-04;7.0434501372340489e-04,3.3603808136381974e-04,9.9999969548820833e-01];
Vel_cv(17,:)=[5.7913080096210151e-04,-1.6240161061138877e-03,2.2001064809005423e-03];
RotGiro_cv(17,:)=[6.7214275992811571e-03,-1.4086517533326589e-02,1.9622189801446130e-03];
t_cv(17,:)=1.4036371313883190e+09;
dt_cv(17,:)=5.0000190734863281e-02;
i_cv(17,:)=17;
Pose_cv(17,:,:)=[9.9301079671514647e-01,-1.1791282137496903e-01,-5.1111801518719862e-03;1.1801830434972931e-01,9.9244329795589825e-01,3.3585416192671920e-02;1.1124053060401033e-03,-3.3953893706244846e-02,9.9942278123756023e-01];
Pos_cv(17,:)=[1.5641641500828085e-04,-6.6517240064997666e-05,-5.0292350658989380e-06];
K_cv(17,:)=1.1296597167919087e+00;
KLN_cv(17,:)=16000;
Giro_cv(17,:)=[1.2919502650216541e-02,-5.7492637030555837e-04,8.4558523960222121e-02];
Acel_cv(17,:)=[-5.6670077620815262e-01,-9.4437258341344741e+00,-2.4120015068068774e+00];
CAcel_cv(17,:)=[-5.6303370861327062e-01,-9.4508703013367548e+00,-2.3639404247170912e+00];
DGiro_cv(17,:)=[-7.4638373655801793e-01,-4.9991901537874117e-01,-1.7365722101966938e-02];
GBias_cv(17,:)=[9.3883989821985398e-04,1.8221845762306658e-04,3.8829118192111049e-03];
dWv_cv(17,:)=[-5.8964016355137893e-05,-2.1544998059906689e-04,-1.7287538663524673e-04];
dWgv_cv(17,:)=[-2.7095752225468593e-06,-4.7673143161707999e-06,-4.9377309524676848e-06];
g_cv(17,:)=[1.1571610424337662e+00,9.7308356322074712e+00,3.2930260628823604e-01];
VBias_cv(17,:)=[-6.1017288170972730e-12,3.6329712586738939e-11,-1.0520956557749409e-09];
Av_cv(17,:)=[8.2407200247049291e-03,-2.5463122960799247e-03,-8.1828152473520735e-04];
As_cv(17,:)=[-4.5008047338238155e-01,-9.4685355543703551e+00,-2.4028762866755486e+00];
Posgv_cv(17,:)=[1.5641618802903740e-04,-6.6517257922970227e-05,-5.0291318418442543e-06];
Kp_cv(18,:)=1.0030224627700224e+00;
RKp_cv(18,:)=5.9111758622839661e-04;
Rot_cv(18,:,:)=[9.9999987652553901e-01,4.9671782737435916e-04,-1.4842738764094317e-05;-4.9671622142618849e-04,9.9999987080383368e-01,1.0800607115314685e-04;1.4896385387498572e-05,-1.0799868518803637e-04,9.9999999405719076e-01];
Vel_cv(18,:)=[5.5301415970019187e-04,1.2619758611465833e-03,-7.1569317752422220e-04];
RotGiro_cv(18,:)=[-2.1600460263098828e-03,-2.9738961666805007e-04,-9.9344218675591726e-03];
t_cv(18,:)=1.4036371314383192e+09;
dt_cv(18,:)=4.9999952316284180e-02;
i_cv(18,:)=18;
Pose_cv(18,:,:)=[9.9363277943003525e-01,-1.1255692029749348e-01,-4.9839076321994014e-03;1.1265861403994608e-01,9.9313076481364582e-01,3.1612033519857412e-02;1.3915188611904209e-03,-3.1972232856118055e-02,9.9948778882058020e-01];
Pos_cv(18,:)=[1.7696790184504820e-04,-1.8680650851668463e-06,-4.2774364798889387e-05];
K_cv(18,:)=1.2177902669563145e+00;
KLN_cv(18,:)=15814;
Giro_cv(18,:)=[2.5420434164278617e-02,-1.0533963506391948e-02,7.9540819980805380e-02];
Acel_cv(18,:)=[-3.9589377530329861e-01,-9.4354741391552110e+00,-2.4141685493805065e+00];
CAcel_cv(18,:)=[-4.0952822114183696e-01,-9.4877483272576733e+00,-2.3901907970789384e+00];
DGiro_cv(18,:)=[-5.0872559903154091e-01,-2.0612211313101245e-01,-7.3864545424481154e-01];
GBias_cv(18,:)=[9.3899700746959223e-04,1.8212758802587363e-04,3.8833778963478934e-03];
dWv_cv(18,:)=[2.4005280783492948e-05,-5.7864134844782652e-05,1.5551407860528346e-04];
dWgv_cv(18,:)=[1.4058069533155247e-06,-8.1309733062606730e-07,4.1704386009738263e-06];
g_cv(18,:)=[1.0953758926200916e+00,9.6561768247077424e+00,3.0736273235238037e-01];
VBias_cv(18,:)=[1.8479387747957610e-10,9.6457215742542313e-11,-3.5804717622459034e-09];
Av_cv(18,:)=[1.8227677842881033e-03,1.3721218989936410e-03,-9.4896658031821382e-04];
As_cv(18,:)=[-4.5419208076970718e-01,-9.4399397452113103e+00,-2.4160713691173492e+00];
Posgv_cv(18,:)=[1.7696695987209573e-04,-1.8681023665019698e-06,-4.2774358241922456e-05];
Kp_cv(19,:)=1.0039480118141368e+00;
RKp_cv(19,:)=6.0186102893235074e-04;
Rot_cv(19,:,:)=[9.9999969987367332e-01,7.5784785611689206e-05,7.7104424622321643e-04;-7.5822825966615544e-05,9.9999999590985733e-01,4.9307038678566196e-05;-7.7104050634616472e-04,-4.9365486633916824e-05,9.9999970152974871e-01];
Vel_cv(19,:)=[1.8088628587592099e-03,1.6368529599391803e-03,-2.8558330925165390e-03];
RotGiro_cv(19,:)=[-9.8690290981843739e-04,1.5420890780898661e-02,-1.5162453476320328e-03];
t_cv(19,:)=1.4036371314883192e+09;
dt_cv(19,:)=4.9999952316284180e-02;
i_cv(19,:)=19;
Pose_cv(19,:,:)=[9.9570999994407683e-01,-9.2497269921457667e-02,-2.4188981880093174e-03;9.2341990423431455e-02,9.9169836927871691e-01,8.9483524598511485e-02;-5.8781643398119095e-03,-8.9323006146292100e-02,9.9598536523233305e-01];
Pos_cv(19,:)=[2.5980038054178740e-04,7.4864973723532381e-05,-1.9283790614929038e-04];
K_cv(19,:)=1.2019556407696856e+00;
KLN_cv(19,:)=15282;
Giro_cv(19,:)=[1.6644587970142653e-02,3.3211034861805057e-03,6.7809245149688391e-02];
Acel_cv(19,:)=[-3.2878256957564789e-01,-9.4609750441208753e+00,-2.4973622016662986e+00];
CAcel_cv(19,:)=[-3.2211656109277254e-01,-9.4267470469470833e+00,-2.5313752565925860e+00];
DGiro_cv(19,:)=[3.4461256473214508e-01,4.1208487181456260e-01,4.8222749009718158e-01];
GBias_cv(19,:)=[9.3890162034692207e-04,1.8227653960301046e-04,3.8834475444328503e-03];
dWv_cv(19,:)=[-1.8943741841585894e-05,6.7840234210747030e-05,1.8091804793259257e-05];
dWgv_cv(19,:)=[-8.5958507177822036e-07,1.3422834082897710e-06,6.2763664979963023e-07];
g_cv(19,:)=[8.9303843146302075e-01,9.5907046417788351e+00,8.6539423812289706e-01];
VBias_cv(19,:)=[-8.8454859452157290e-09,1.3525074190185595e-09,-8.4017290675233599e-09];
Av_cv(19,:)=[-8.5109879888628278e-03,8.5572793542399907e-03,-9.2995154188276700e-03];
As_cv(19,:)=[-4.1440620399683059e-01,-9.4732061848224749e+00,-2.4382270865018163e+00];
Posgv_cv(19,:)=[2.5979719970042252e-04,7.4869244306897769e-05,-1.9283468442540000e-04];
Kp_cv(20,:)=1.0057580966634845e+00;
RKp_cv(20,:)=6.1246074592410883e-04;
Rot_cv(20,:,:)=[9.9999905938873623e-01,-1.3713324325966658e-03,-2.5865081833496601e-05;1.3713292133133012e-03,9.9999905203043971e-01,-1.2407421282950500e-04;2.6035204306272509e-05,1.2403862658157618e-04,9.9999999196829392e-01];
Vel_cv(20,:)=[-2.7260883427110486e-03,-9.4399264929406952e-04,1.0705393345542761e-03];
RotGiro_cv(20,:)=[2.4807473069393890e-03,-5.1894466350511600e-04,2.7426352765715055e-02];
t_cv(20,:)=1.4036371315383191e+09;
dt_cv(20,:)=4.9999952316284180e-02;
i_cv(20,:)=20;
Pose_cv(20,:,:)=[9.9689483864127448e-01,-7.8743233851129232e-02,-4.2873424604908915e-04;7.8121201219608305e-02,9.8830690538462318e-01,1.3094479252369895e-01;-9.8872954033362888e-03,-1.3057168104813335e-01,9.9138956898782804e-01];
Pos_cv(20,:)=[1.2761745671608832e-04,2.4568305358406169e-05,-1.3226779478206648e-04];
K_cv(20,:)=1.1800493483347014e+00;
KLN_cv(20,:)=14646;
Giro_cv(20,:)=[1.7800145136360222e-02,1.9082697070219267e-02,7.6160239145268954e-02];
Acel_cv(20,:)=[-3.7323103155478909e-01,-9.5194763472944253e+00,-2.4516910113283381e+00];
CAcel_cv(20,:)=[-3.7745956281430199e-01,-9.5270137878826766e+00,-2.4665550548305122e+00];
DGiro_cv(20,:)=[3.5156935277464924e-01,1.1628295962588318e-01,-1.5898082492524498e-01];
GBias_cv(20,:)=[9.3908683663545796e-04,1.8217161096443214e-04,3.8837401653226116e-03];
dWv_cv(20,:)=[3.6350018503807525e-05,-7.3531376898233365e-05,1.2045257669037441e-04];
dWgv_cv(20,:)=[1.6785182516517725e-06,-9.5091331527540989e-07,2.6518699200886497e-06];
g_cv(20,:)=[7.5300910290750767e-01,9.5262756409610390e+00,1.2621749180673272e+00];
VBias_cv(20,:)=[-1.9251569639236317e-08,2.9613221048603538e-09,-1.4957667749522363e-08];
Av_cv(20,:)=[-1.6111884855424377e-02,2.6692826911097010e-03,3.8008994543135043e-03];
As_cv(20,:)=[-4.1559263210118397e-01,-9.4551257843750758e+00,-2.4465841096999439e+00];
Posgv_cv(20,:)=[1.2760985869090751e-04,2.4582382322165052e-05,-1.3225804832965395e-04];
Kp_cv(21,:)=1.0096251156128067e+00;
RKp_cv(21,:)=5.9464153045605140e-04;
Rot_cv(21,:,:)=[9.9999988000245310e-01,-1.4868742939690354e-05,-4.8966723431748940e-04;1.4942075893636580e-05,9.9999998867471629e-01,1.4975747647534964e-04;4.8966500206645629e-04,-1.4976477514979560e-04,9.9999986889934034e-01];
Vel_cv(21,:)=[5.1661227035800645e-06,-2.9379415851581987e-03,1.4429924221028363e-03];
RotGiro_cv(21,:)=[-2.9958081467550261e-03,-9.7931977677206787e-03,2.9772684924905818e-04];
t_cv(21,:)=1.4036371315883191e+09;
dt_cv(21,:)=5.0000190734863281e-02;
i_cv(21,:)=21;
